name,K,N,g,dtype,M,cand,us,reps,R
g4.q_proj    tp2,2816,2048,32,float16,1,64x32,70.997,5,53
g4.q_proj    tp2,2816,2048,32,float16,1,128x32,73.920,5,53
g4.q_proj    tp2,2816,2048,32,float16,1,128x64,75.354,4,53
g4.q_proj    tp2,2816,2048,32,float16,1,256x32,82.493,4,53
g4.q_proj    tp2,2816,2048,32,float16,1,256x64,84.207,4,53
g4.q_proj    tp2,2816,2048,32,float16,1,32x32,95.144,3,53
g4.q_proj    tp2,2816,2048,32,float16,1,256x128,95.897,3,53
g4.q_proj    tp2,2816,2048,32,float16,1,64x64,96.564,3,53
g4.q_proj    tp2,2816,2048,32,float16,1,512x64,99.169,3,53
g4.q_proj    tp2,2816,2048,32,float16,1,384x128,107.336,3,53
g4.q_proj    tp2,2816,2048,32,float16,1,128x128,110.462,3,53
g4.q_proj    tp2,2816,2048,32,float16,1,prefill_wmma_ashuffle,113.381,3,53
g4.q_proj    tp2,2816,2048,32,float16,1,192x128,116.277,3,53
g4.q_proj    tp2,2816,2048,32,float16,1,512x128,120.301,3,53
g4.q_proj    tp2,2816,2048,32,float16,1,prefill_wmma,129.120,2,53
g4.q_proj    tp2,2816,2048,32,float16,1,96x128,130.769,2,53
g4.q_proj    tp2,2816,2048,32,float16,1,112x128,131.048,2,53
g4.q_proj    tp2,2816,2048,32,float16,1,32x64,142.940,2,53
g4.q_proj    tp2,2816,2048,32,float16,1,64x128,147.458,2,53
g4.q_proj    tp2,2816,2048,32,float16,1,prefill_wmma:smallm_off,158.045,2,53
g4.q_proj    tp2,2816,2048,32,float16,1,80x128,177.212,2,53
g4.q_proj    tp2,2816,2048,32,float16,1,256x192,186.831,2,53
g4.q_proj    tp2,2816,2048,32,float16,1,256x256,486.060,2,53
g4.q_proj    tp2,2816,2048,32,float16,1,128x256,525.984,2,53
g4.q_proj    tp2,2816,2048,32,float16,1,16x64,561.238,2,53
g4.q_proj    tp2,2816,2048,32,float16,1,32x128,562.407,2,53
g4.q_proj    tp2,2816,2048,32,float16,1,16x128,1212.193,2,53
g4.q_proj    tp2,2816,2048,32,float16,8,64x32,68.856,5,53
g4.q_proj    tp2,2816,2048,32,float16,8,128x32,72.357,5,53
g4.q_proj    tp2,2816,2048,32,float16,8,128x64,75.169,4,53
g4.q_proj    tp2,2816,2048,32,float16,8,256x32,81.116,4,53
g4.q_proj    tp2,2816,2048,32,float16,8,256x64,84.274,4,53
g4.q_proj    tp2,2816,2048,32,float16,8,32x32,91.950,4,53
g4.q_proj    tp2,2816,2048,32,float16,8,64x64,94.315,3,53
g4.q_proj    tp2,2816,2048,32,float16,8,256x128,96.697,3,53
g4.q_proj    tp2,2816,2048,32,float16,8,512x64,99.535,3,53
g4.q_proj    tp2,2816,2048,32,float16,8,384x128,108.142,3,53
g4.q_proj    tp2,2816,2048,32,float16,8,128x128,110.188,3,53
g4.q_proj    tp2,2816,2048,32,float16,8,prefill_wmma_ashuffle,113.233,3,53
g4.q_proj    tp2,2816,2048,32,float16,8,192x128,116.239,3,53
g4.q_proj    tp2,2816,2048,32,float16,8,prefill_wmma,118.666,3,53
g4.q_proj    tp2,2816,2048,32,float16,8,512x128,121.174,3,53
g4.q_proj    tp2,2816,2048,32,float16,8,96x128,129.267,2,53
g4.q_proj    tp2,2816,2048,32,float16,8,112x128,129.537,2,53
g4.q_proj    tp2,2816,2048,32,float16,8,32x64,138.260,2,53
g4.q_proj    tp2,2816,2048,32,float16,8,64x128,143.920,2,53
g4.q_proj    tp2,2816,2048,32,float16,8,prefill_wmma:smallm_off,156.705,2,53
g4.q_proj    tp2,2816,2048,32,float16,8,80x128,173.332,2,53
g4.q_proj    tp2,2816,2048,32,float16,8,256x192,185.084,2,53
g4.q_proj    tp2,2816,2048,32,float16,8,16x64,457.984,2,53
g4.q_proj    tp2,2816,2048,32,float16,8,32x128,462.299,2,53
g4.q_proj    tp2,2816,2048,32,float16,8,256x256,479.429,2,53
g4.q_proj    tp2,2816,2048,32,float16,8,128x256,507.201,2,53
g4.q_proj    tp2,2816,2048,32,float16,8,16x128,756.788,2,53
g4.q_proj    tp2,2816,2048,32,float16,17,128x32,72.192,5,53
g4.q_proj    tp2,2816,2048,32,float16,17,128x64,75.044,4,53
g4.q_proj    tp2,2816,2048,32,float16,17,64x32,76.320,4,53
g4.q_proj    tp2,2816,2048,32,float16,17,256x32,80.968,4,53
g4.q_proj    tp2,2816,2048,32,float16,17,256x64,84.045,4,53
g4.q_proj    tp2,2816,2048,32,float16,17,256x128,97.047,3,53
g4.q_proj    tp2,2816,2048,32,float16,17,512x64,99.347,3,53
g4.q_proj    tp2,2816,2048,32,float16,17,64x64,100.675,3,53
g4.q_proj    tp2,2816,2048,32,float16,17,32x32,105.957,3,53
g4.q_proj    tp2,2816,2048,32,float16,17,384x128,108.561,3,53
g4.q_proj    tp2,2816,2048,32,float16,17,128x128,110.492,3,53
g4.q_proj    tp2,2816,2048,32,float16,17,192x128,116.731,3,53
g4.q_proj    tp2,2816,2048,32,float16,17,prefill_wmma_ashuffle,119.618,3,53
g4.q_proj    tp2,2816,2048,32,float16,17,512x128,121.453,3,53
g4.q_proj    tp2,2816,2048,32,float16,17,96x128,129.437,2,53
g4.q_proj    tp2,2816,2048,32,float16,17,112x128,129.796,2,53
g4.q_proj    tp2,2816,2048,32,float16,17,prefill_wmma,131.395,2,53
g4.q_proj    tp2,2816,2048,32,float16,17,32x64,152.113,2,53
g4.q_proj    tp2,2816,2048,32,float16,17,prefill_wmma:smallm_off,163.329,2,53
g4.q_proj    tp2,2816,2048,32,float16,17,80x128,174.550,2,53
g4.q_proj    tp2,2816,2048,32,float16,17,64x128,175.046,2,53
g4.q_proj    tp2,2816,2048,32,float16,17,256x192,187.931,2,53
g4.q_proj    tp2,2816,2048,32,float16,17,16x64,441.628,2,53
g4.q_proj    tp2,2816,2048,32,float16,17,32x128,469.432,2,53
g4.q_proj    tp2,2816,2048,32,float16,17,256x256,495.059,2,53
g4.q_proj    tp2,2816,2048,32,float16,17,128x256,514.198,2,53
g4.q_proj    tp2,2816,2048,32,float16,17,16x128,744.083,2,53
g4.q_proj    tp2,2816,2048,32,float16,24,128x32,72.201,5,53
g4.q_proj    tp2,2816,2048,32,float16,24,128x64,75.366,4,53
g4.q_proj    tp2,2816,2048,32,float16,24,64x32,76.330,4,53
g4.q_proj    tp2,2816,2048,32,float16,24,256x32,81.000,4,53
g4.q_proj    tp2,2816,2048,32,float16,24,256x64,84.277,4,53
g4.q_proj    tp2,2816,2048,32,float16,24,256x128,96.986,3,53
g4.q_proj    tp2,2816,2048,32,float16,24,512x64,99.572,3,53
g4.q_proj    tp2,2816,2048,32,float16,24,64x64,101.922,3,53
g4.q_proj    tp2,2816,2048,32,float16,24,32x32,106.121,3,53
g4.q_proj    tp2,2816,2048,32,float16,24,384x128,108.492,3,53
g4.q_proj    tp2,2816,2048,32,float16,24,128x128,110.625,3,53
g4.q_proj    tp2,2816,2048,32,float16,24,192x128,116.651,3,53
g4.q_proj    tp2,2816,2048,32,float16,24,prefill_wmma_ashuffle,119.102,3,53
g4.q_proj    tp2,2816,2048,32,float16,24,512x128,121.436,3,53
g4.q_proj    tp2,2816,2048,32,float16,24,96x128,129.785,2,53
g4.q_proj    tp2,2816,2048,32,float16,24,112x128,130.145,2,53
g4.q_proj    tp2,2816,2048,32,float16,24,prefill_wmma,132.033,2,53
g4.q_proj    tp2,2816,2048,32,float16,24,prefill_wmma:smallm_off,163.658,2,53
g4.q_proj    tp2,2816,2048,32,float16,24,64x128,178.056,2,53
g4.q_proj    tp2,2816,2048,32,float16,24,32x64,179.120,2,53
g4.q_proj    tp2,2816,2048,32,float16,24,80x128,181.254,2,53
g4.q_proj    tp2,2816,2048,32,float16,24,256x192,189.266,2,53
g4.q_proj    tp2,2816,2048,32,float16,24,16x64,472.003,2,53
g4.q_proj    tp2,2816,2048,32,float16,24,32x128,475.883,2,53
g4.q_proj    tp2,2816,2048,32,float16,24,256x256,503.039,2,53
g4.q_proj    tp2,2816,2048,32,float16,24,128x256,516.858,2,53
g4.q_proj    tp2,2816,2048,32,float16,24,16x128,753.132,2,53
g4.q_proj    tp2,2816,2048,32,float16,32,128x32,71.978,5,53
g4.q_proj    tp2,2816,2048,32,float16,32,128x64,75.478,4,53
g4.q_proj    tp2,2816,2048,32,float16,32,64x32,76.560,4,53
g4.q_proj    tp2,2816,2048,32,float16,32,256x32,80.910,4,53
g4.q_proj    tp2,2816,2048,32,float16,32,256x64,84.526,4,53
g4.q_proj    tp2,2816,2048,32,float16,32,256x128,97.149,3,53
g4.q_proj    tp2,2816,2048,32,float16,32,512x64,99.801,3,53
g4.q_proj    tp2,2816,2048,32,float16,32,64x64,102.197,3,53
g4.q_proj    tp2,2816,2048,32,float16,32,384x128,108.516,3,53
g4.q_proj    tp2,2816,2048,32,float16,32,128x128,111.050,3,53
g4.q_proj    tp2,2816,2048,32,float16,32,32x32,113.326,3,53
g4.q_proj    tp2,2816,2048,32,float16,32,192x128,116.659,3,53
g4.q_proj    tp2,2816,2048,32,float16,32,prefill_wmma_ashuffle,119.984,3,53
g4.q_proj    tp2,2816,2048,32,float16,32,512x128,121.362,3,53
g4.q_proj    tp2,2816,2048,32,float16,32,112x128,136.109,2,53
g4.q_proj    tp2,2816,2048,32,float16,32,96x128,136.500,2,53
g4.q_proj    tp2,2816,2048,32,float16,32,prefill_wmma,139.957,2,53
g4.q_proj    tp2,2816,2048,32,float16,32,prefill_wmma:smallm_off,164.346,2,53
g4.q_proj    tp2,2816,2048,32,float16,32,64x128,178.891,2,53
g4.q_proj    tp2,2816,2048,32,float16,32,80x128,181.263,2,53
g4.q_proj    tp2,2816,2048,32,float16,32,32x64,186.602,2,53
g4.q_proj    tp2,2816,2048,32,float16,32,256x192,189.966,2,53
g4.q_proj    tp2,2816,2048,32,float16,32,16x64,483.561,2,53
g4.q_proj    tp2,2816,2048,32,float16,32,32x128,493.830,2,53
g4.q_proj    tp2,2816,2048,32,float16,32,256x256,514.855,2,53
g4.q_proj    tp2,2816,2048,32,float16,32,128x256,534.216,2,53
g4.q_proj    tp2,2816,2048,32,float16,32,16x128,755.667,2,53
g4.q_proj    tp2,2816,2048,32,float16,48,128x32,79.115,4,53
g4.q_proj    tp2,2816,2048,32,float16,48,256x32,80.778,4,53
g4.q_proj    tp2,2816,2048,32,float16,48,128x64,82.090,4,53
g4.q_proj    tp2,2816,2048,32,float16,48,64x32,84.172,4,53
g4.q_proj    tp2,2816,2048,32,float16,48,256x64,84.624,4,53
g4.q_proj    tp2,2816,2048,32,float16,48,256x128,97.255,3,53
g4.q_proj    tp2,2816,2048,32,float16,48,512x64,99.941,3,53
g4.q_proj    tp2,2816,2048,32,float16,48,384x128,109.160,3,53
g4.q_proj    tp2,2816,2048,32,float16,48,64x64,109.319,3,53
g4.q_proj    tp2,2816,2048,32,float16,48,192x128,117.067,3,53
g4.q_proj    tp2,2816,2048,32,float16,48,128x128,117.557,3,53
g4.q_proj    tp2,2816,2048,32,float16,48,512x128,122.235,3,53
g4.q_proj    tp2,2816,2048,32,float16,48,prefill_wmma_ashuffle,127.556,2,53
g4.q_proj    tp2,2816,2048,32,float16,48,112x128,136.994,2,53
g4.q_proj    tp2,2816,2048,32,float16,48,96x128,137.227,2,53
g4.q_proj    tp2,2816,2048,32,float16,48,32x32,138.975,2,53
g4.q_proj    tp2,2816,2048,32,float16,48,32x64,154.874,2,53
g4.q_proj    tp2,2816,2048,32,float16,48,prefill_wmma,160.933,2,53
g4.q_proj    tp2,2816,2048,32,float16,48,prefill_wmma:smallm_off,170.944,2,53
g4.q_proj    tp2,2816,2048,32,float16,48,64x128,185.255,2,53
g4.q_proj    tp2,2816,2048,32,float16,48,80x128,187.876,2,53
g4.q_proj    tp2,2816,2048,32,float16,48,256x192,189.727,2,53
g4.q_proj    tp2,2816,2048,32,float16,48,32x128,488.193,2,53
g4.q_proj    tp2,2816,2048,32,float16,48,16x64,511.459,2,53
g4.q_proj    tp2,2816,2048,32,float16,48,256x256,563.409,2,53
g4.q_proj    tp2,2816,2048,32,float16,48,128x256,579.410,2,53
g4.q_proj    tp2,2816,2048,32,float16,48,16x128,762.616,2,53
g4.q_proj    tp2,2816,2048,32,float16,63,128x32,79.495,4,53
g4.q_proj    tp2,2816,2048,32,float16,63,256x32,80.728,4,53
g4.q_proj    tp2,2816,2048,32,float16,63,128x64,82.710,4,53
g4.q_proj    tp2,2816,2048,32,float16,63,256x64,84.597,4,53
g4.q_proj    tp2,2816,2048,32,float16,63,64x32,90.862,4,53
g4.q_proj    tp2,2816,2048,32,float16,63,256x128,97.306,3,53
g4.q_proj    tp2,2816,2048,32,float16,63,512x64,100.086,3,53
g4.q_proj    tp2,2816,2048,32,float16,63,384x128,108.699,3,53
g4.q_proj    tp2,2816,2048,32,float16,63,32x32,114.477,3,53
g4.q_proj    tp2,2816,2048,32,float16,63,64x64,116.521,3,53
g4.q_proj    tp2,2816,2048,32,float16,63,128x128,118.383,3,53
g4.q_proj    tp2,2816,2048,32,float16,63,512x128,121.580,3,53
g4.q_proj    tp2,2816,2048,32,float16,63,192x128,123.983,3,53
g4.q_proj    tp2,2816,2048,32,float16,63,prefill_wmma_ashuffle,134.232,2,53
g4.q_proj    tp2,2816,2048,32,float16,63,96x128,144.345,2,53
g4.q_proj    tp2,2816,2048,32,float16,63,112x128,144.438,2,53
g4.q_proj    tp2,2816,2048,32,float16,63,prefill_wmma,176.319,2,53
g4.q_proj    tp2,2816,2048,32,float16,63,prefill_wmma:smallm_off,178.782,2,53
g4.q_proj    tp2,2816,2048,32,float16,63,32x64,184.625,2,53
g4.q_proj    tp2,2816,2048,32,float16,63,256x192,192.801,2,53
g4.q_proj    tp2,2816,2048,32,float16,63,64x128,333.527,2,53
g4.q_proj    tp2,2816,2048,32,float16,63,80x128,407.763,2,53
g4.q_proj    tp2,2816,2048,32,float16,63,16x64,512.058,2,53
g4.q_proj    tp2,2816,2048,32,float16,63,32x128,528.921,2,53
g4.q_proj    tp2,2816,2048,32,float16,63,256x256,558.889,2,53
g4.q_proj    tp2,2816,2048,32,float16,63,128x256,576.561,2,53
g4.q_proj    tp2,2816,2048,32,float16,63,16x128,772.429,2,53
g4.q_proj    tp2,2816,2048,32,float16,64,128x32,79.266,4,53
g4.q_proj    tp2,2816,2048,32,float16,64,256x32,80.925,4,53
g4.q_proj    tp2,2816,2048,32,float16,64,128x64,82.551,4,53
g4.q_proj    tp2,2816,2048,32,float16,64,256x64,84.387,4,53
g4.q_proj    tp2,2816,2048,32,float16,64,64x32,90.943,4,53
g4.q_proj    tp2,2816,2048,32,float16,64,256x128,97.285,3,53
g4.q_proj    tp2,2816,2048,32,float16,64,512x64,100.074,3,53
g4.q_proj    tp2,2816,2048,32,float16,64,384x128,108.708,3,53
g4.q_proj    tp2,2816,2048,32,float16,64,32x32,114.127,3,53
g4.q_proj    tp2,2816,2048,32,float16,64,64x64,116.400,3,53
g4.q_proj    tp2,2816,2048,32,float16,64,128x128,118.473,3,53
g4.q_proj    tp2,2816,2048,32,float16,64,512x128,121.643,3,53
g4.q_proj    tp2,2816,2048,32,float16,64,192x128,124.096,3,53
g4.q_proj    tp2,2816,2048,32,float16,64,prefill_wmma_ashuffle,134.970,2,53
g4.q_proj    tp2,2816,2048,32,float16,64,96x128,144.408,2,53
g4.q_proj    tp2,2816,2048,32,float16,64,112x128,144.447,2,53
g4.q_proj    tp2,2816,2048,32,float16,64,prefill_wmma,176.602,2,53
g4.q_proj    tp2,2816,2048,32,float16,64,prefill_wmma:smallm_off,178.602,2,53
g4.q_proj    tp2,2816,2048,32,float16,64,32x64,184.891,2,53
g4.q_proj    tp2,2816,2048,32,float16,64,256x192,190.251,2,53
g4.q_proj    tp2,2816,2048,32,float16,64,64x128,361.517,2,53
g4.q_proj    tp2,2816,2048,32,float16,64,80x128,421.721,2,53
g4.q_proj    tp2,2816,2048,32,float16,64,16x64,508.615,2,53
g4.q_proj    tp2,2816,2048,32,float16,64,32x128,522.747,2,53
g4.q_proj    tp2,2816,2048,32,float16,64,256x256,553.777,2,53
g4.q_proj    tp2,2816,2048,32,float16,64,128x256,579.789,2,53
g4.q_proj    tp2,2816,2048,32,float16,64,16x128,787.940,2,53
g4.q_proj    tp2,2816,2048,32,float16,96,128x32,86.887,4,53
g4.q_proj    tp2,2816,2048,32,float16,96,256x32,87.906,4,53
g4.q_proj    tp2,2816,2048,32,float16,96,128x64,89.725,4,53
g4.q_proj    tp2,2816,2048,32,float16,96,64x32,90.353,4,53
g4.q_proj    tp2,2816,2048,32,float16,96,256x64,91.604,4,53
g4.q_proj    tp2,2816,2048,32,float16,96,512x64,100.035,3,53
g4.q_proj    tp2,2816,2048,32,float16,96,256x128,104.500,3,53
g4.q_proj    tp2,2816,2048,32,float16,96,384x128,109.008,3,53
g4.q_proj    tp2,2816,2048,32,float16,96,32x32,114.646,3,53
g4.q_proj    tp2,2816,2048,32,float16,96,64x64,115.472,3,53
g4.q_proj    tp2,2816,2048,32,float16,96,512x128,121.828,3,53
g4.q_proj    tp2,2816,2048,32,float16,96,192x128,124.117,2,53
g4.q_proj    tp2,2816,2048,32,float16,96,128x128,126.011,2,53
g4.q_proj    tp2,2816,2048,32,float16,96,prefill_wmma_ashuffle,148.779,2,53
g4.q_proj    tp2,2816,2048,32,float16,96,64x128,160.502,2,53
g4.q_proj    tp2,2816,2048,32,float16,96,112x128,165.680,2,53
g4.q_proj    tp2,2816,2048,32,float16,96,96x128,166.339,2,53
g4.q_proj    tp2,2816,2048,32,float16,96,prefill_wmma,174.369,2,53
g4.q_proj    tp2,2816,2048,32,float16,96,32x64,185.396,2,53
g4.q_proj    tp2,2816,2048,32,float16,96,80x128,189.062,2,53
g4.q_proj    tp2,2816,2048,32,float16,96,prefill_wmma:smallm_off,202.563,2,53
g4.q_proj    tp2,2816,2048,32,float16,96,256x192,206.334,2,53
g4.q_proj    tp2,2816,2048,32,float16,96,16x64,543.838,2,53
g4.q_proj    tp2,2816,2048,32,float16,96,32x128,546.422,2,53
g4.q_proj    tp2,2816,2048,32,float16,96,256x256,586.110,2,53
g4.q_proj    tp2,2816,2048,32,float16,96,128x256,628.510,2,53
g4.q_proj    tp2,2816,2048,32,float16,96,16x128,818.132,2,53
g4.q_proj    tp2,2816,2048,32,float16,128,256x32,88.251,4,53
g4.q_proj    tp2,2816,2048,32,float16,128,256x64,91.689,4,53
g4.q_proj    tp2,2816,2048,32,float16,128,64x32,91.957,4,53
g4.q_proj    tp2,2816,2048,32,float16,128,128x32,94.150,3,53
g4.q_proj    tp2,2816,2048,32,float16,128,128x64,96.960,3,53
g4.q_proj    tp2,2816,2048,32,float16,128,512x64,100.308,3,53
g4.q_proj    tp2,2816,2048,32,float16,128,256x128,104.623,3,53
g4.q_proj    tp2,2816,2048,32,float16,128,32x32,114.957,3,53
g4.q_proj    tp2,2816,2048,32,float16,128,384x128,115.871,3,53
g4.q_proj    tp2,2816,2048,32,float16,128,64x64,118.745,3,53
g4.q_proj    tp2,2816,2048,32,float16,128,512x128,121.916,3,53
g4.q_proj    tp2,2816,2048,32,float16,128,192x128,131.056,2,53
g4.q_proj    tp2,2816,2048,32,float16,128,128x128,133.215,2,53
g4.q_proj    tp2,2816,2048,32,float16,128,96x128,146.085,2,53
g4.q_proj    tp2,2816,2048,32,float16,128,112x128,147.814,2,53
g4.q_proj    tp2,2816,2048,32,float16,128,prefill_wmma_ashuffle,163.453,2,53
g4.q_proj    tp2,2816,2048,32,float16,128,32x64,187.865,2,53
g4.q_proj    tp2,2816,2048,32,float16,128,256x192,201.722,2,53
g4.q_proj    tp2,2816,2048,32,float16,128,80x128,205.814,2,53
g4.q_proj    tp2,2816,2048,32,float16,128,64x128,213.477,2,53
g4.q_proj    tp2,2816,2048,32,float16,128,prefill_wmma:smallm_off,216.692,2,53
g4.q_proj    tp2,2816,2048,32,float16,128,prefill_wmma,216.998,2,53
g4.q_proj    tp2,2816,2048,32,float16,128,16x64,534.326,2,53
g4.q_proj    tp2,2816,2048,32,float16,128,32x128,545.519,2,53
g4.q_proj    tp2,2816,2048,32,float16,128,256x256,598.826,2,53
g4.q_proj    tp2,2816,2048,32,float16,128,128x256,617.830,2,53
g4.q_proj    tp2,2816,2048,32,float16,128,16x128,807.771,2,53
g4.q_proj    tp2,2816,2048,32,float16,192,64x32,93.941,3,53
g4.q_proj    tp2,2816,2048,32,float16,192,256x32,95.550,3,53
g4.q_proj    tp2,2816,2048,32,float16,192,256x64,98.874,3,53
g4.q_proj    tp2,2816,2048,32,float16,192,128x64,99.559,3,53
g4.q_proj    tp2,2816,2048,32,float16,192,128x32,105.133,3,53
g4.q_proj    tp2,2816,2048,32,float16,192,512x64,107.469,3,53
g4.q_proj    tp2,2816,2048,32,float16,192,256x128,112.531,3,53
g4.q_proj    tp2,2816,2048,32,float16,192,384x128,116.410,3,53
g4.q_proj    tp2,2816,2048,32,float16,192,32x32,119.205,3,53
g4.q_proj    tp2,2816,2048,32,float16,192,64x64,119.379,3,53
g4.q_proj    tp2,2816,2048,32,float16,192,512x128,129.095,2,53
g4.q_proj    tp2,2816,2048,32,float16,192,128x128,129.196,2,53
g4.q_proj    tp2,2816,2048,32,float16,192,192x128,139.519,2,53
g4.q_proj    tp2,2816,2048,32,float16,192,112x128,146.979,2,53
g4.q_proj    tp2,2816,2048,32,float16,192,96x128,151.779,2,53
g4.q_proj    tp2,2816,2048,32,float16,192,80x128,168.617,2,53
g4.q_proj    tp2,2816,2048,32,float16,192,32x64,187.578,2,53
g4.q_proj    tp2,2816,2048,32,float16,192,prefill_wmma_ashuffle,192.906,2,53
g4.q_proj    tp2,2816,2048,32,float16,192,64x128,195.914,2,53
g4.q_proj    tp2,2816,2048,32,float16,192,256x192,205.412,2,53
g4.q_proj    tp2,2816,2048,32,float16,192,prefill_wmma:smallm_off,255.134,2,53
g4.q_proj    tp2,2816,2048,32,float16,192,prefill_wmma,255.153,2,53
g4.q_proj    tp2,2816,2048,32,float16,192,16x64,535.669,2,53
g4.q_proj    tp2,2816,2048,32,float16,192,32x128,562.833,2,53
g4.q_proj    tp2,2816,2048,32,float16,192,128x256,592.601,2,53
g4.q_proj    tp2,2816,2048,32,float16,192,256x256,651.615,2,53
g4.q_proj    tp2,2816,2048,32,float16,192,16x128,783.705,2,53
g4.q_proj    tp2,2816,2048,32,float16,256,128x32,109.243,3,53
g4.q_proj    tp2,2816,2048,32,float16,256,256x32,109.784,3,53
g4.q_proj    tp2,2816,2048,32,float16,256,128x64,110.043,3,53
g4.q_proj    tp2,2816,2048,32,float16,256,256x64,114.869,3,53
g4.q_proj    tp2,2816,2048,32,float16,256,512x64,115.611,3,53
g4.q_proj    tp2,2816,2048,32,float16,256,64x32,127.614,2,53
g4.q_proj    tp2,2816,2048,32,float16,256,256x128,128.653,2,53
g4.q_proj    tp2,2816,2048,32,float16,256,64x64,131.005,2,53
g4.q_proj    tp2,2816,2048,32,float16,256,384x128,132.016,2,53
g4.q_proj    tp2,2816,2048,32,float16,256,512x128,137.673,2,53
g4.q_proj    tp2,2816,2048,32,float16,256,128x128,141.413,2,53
g4.q_proj    tp2,2816,2048,32,float16,256,192x128,143.154,2,53
g4.q_proj    tp2,2816,2048,32,float16,256,32x32,162.635,2,53
g4.q_proj    tp2,2816,2048,32,float16,256,96x128,162.792,2,53
g4.q_proj    tp2,2816,2048,32,float16,256,112x128,184.765,2,53
g4.q_proj    tp2,2816,2048,32,float16,256,80x128,194.909,2,53
g4.q_proj    tp2,2816,2048,32,float16,256,prefill_wmma_ashuffle,226.742,2,53
g4.q_proj    tp2,2816,2048,32,float16,256,256x192,285.467,2,53
g4.q_proj    tp2,2816,2048,32,float16,256,32x64,311.092,2,53
g4.q_proj    tp2,2816,2048,32,float16,256,prefill_wmma:smallm_off,398.924,2,53
g4.q_proj    tp2,2816,2048,32,float16,256,prefill_wmma,399.722,2,53
g4.q_proj    tp2,2816,2048,32,float16,256,64x128,475.909,2,53
g4.q_proj    tp2,2816,2048,32,float16,256,16x64,577.505,2,53
g4.q_proj    tp2,2816,2048,32,float16,256,32x128,609.957,2,53
g4.q_proj    tp2,2816,2048,32,float16,256,256x256,610.690,2,53
g4.q_proj    tp2,2816,2048,32,float16,256,128x256,617.952,2,53
g4.q_proj    tp2,2816,2048,32,float16,256,16x128,793.846,2,53
g4.q_proj    tp2,2816,2048,32,float16,512,256x64,131.031,2,53
g4.q_proj    tp2,2816,2048,32,float16,512,128x64,132.458,2,53
g4.q_proj    tp2,2816,2048,32,float16,512,256x128,132.979,2,53
g4.q_proj    tp2,2816,2048,32,float16,512,512x64,135.176,2,53
g4.q_proj    tp2,2816,2048,32,float16,512,384x128,142.163,2,53
g4.q_proj    tp2,2816,2048,32,float16,512,256x32,144.253,2,53
g4.q_proj    tp2,2816,2048,32,float16,512,128x32,149.349,2,53
g4.q_proj    tp2,2816,2048,32,float16,512,128x128,153.396,2,53
g4.q_proj    tp2,2816,2048,32,float16,512,512x128,158.322,2,53
g4.q_proj    tp2,2816,2048,32,float16,512,64x64,161.157,2,53
g4.q_proj    tp2,2816,2048,32,float16,512,192x128,166.533,2,53
g4.q_proj    tp2,2816,2048,32,float16,512,96x128,176.989,2,53
g4.q_proj    tp2,2816,2048,32,float16,512,112x128,180.839,2,53
g4.q_proj    tp2,2816,2048,32,float16,512,80x128,201.547,2,53
g4.q_proj    tp2,2816,2048,32,float16,512,64x32,221.220,2,53
g4.q_proj    tp2,2816,2048,32,float16,512,256x192,222.598,2,53
g4.q_proj    tp2,2816,2048,32,float16,512,prefill_wmma_ashuffle,222.690,2,53
g4.q_proj    tp2,2816,2048,32,float16,512,32x32,276.787,2,53
g4.q_proj    tp2,2816,2048,32,float16,512,prefill_wmma,298.153,2,53
g4.q_proj    tp2,2816,2048,32,float16,512,prefill_wmma:smallm_off,298.385,2,53
g4.q_proj    tp2,2816,2048,32,float16,512,256x256,410.788,2,53
g4.q_proj    tp2,2816,2048,32,float16,512,32x64,433.430,2,53
g4.q_proj    tp2,2816,2048,32,float16,512,128x256,440.048,2,53
g4.q_proj    tp2,2816,2048,32,float16,512,64x128,481.497,2,53
g4.q_proj    tp2,2816,2048,32,float16,512,32x128,572.465,2,53
g4.q_proj    tp2,2816,2048,32,float16,512,16x64,631.544,2,53
g4.q_proj    tp2,2816,2048,32,float16,512,16x128,757.599,2,53
g4.q_proj    tp2,2816,2048,32,float16,1024,512x128,172.601,2,53
g4.q_proj    tp2,2816,2048,32,float16,1024,256x128,174.359,2,53
g4.q_proj    tp2,2816,2048,32,float16,1024,128x128,201.727,2,53
g4.q_proj    tp2,2816,2048,32,float16,1024,128x64,242.195,2,53
g4.q_proj    tp2,2816,2048,32,float16,1024,512x64,258.552,2,53
g4.q_proj    tp2,2816,2048,32,float16,1024,256x64,260.910,2,53
g4.q_proj    tp2,2816,2048,32,float16,1024,prefill_wmma_ashuffle,267.230,2,53
g4.q_proj    tp2,2816,2048,32,float16,1024,384x128,272.111,2,53
g4.q_proj    tp2,2816,2048,32,float16,1024,256x32,276.327,2,53
g4.q_proj    tp2,2816,2048,32,float16,1024,128x32,284.675,2,53
g4.q_proj    tp2,2816,2048,32,float16,1024,64x64,293.783,2,53
g4.q_proj    tp2,2816,2048,32,float16,1024,192x128,313.623,2,53
g4.q_proj    tp2,2816,2048,32,float16,1024,112x128,328.272,2,53
g4.q_proj    tp2,2816,2048,32,float16,1024,96x128,337.447,2,53
g4.q_proj    tp2,2816,2048,32,float16,1024,64x32,342.230,2,53
g4.q_proj    tp2,2816,2048,32,float16,1024,256x256,372.454,2,53
g4.q_proj    tp2,2816,2048,32,float16,1024,128x256,416.258,2,53
g4.q_proj    tp2,2816,2048,32,float16,1024,32x64,422.078,2,53
g4.q_proj    tp2,2816,2048,32,float16,1024,32x32,425.932,2,53
g4.q_proj    tp2,2816,2048,32,float16,1024,64x128,485.664,2,53
g4.q_proj    tp2,2816,2048,32,float16,1024,32x128,592.609,2,53
g4.q_proj    tp2,2816,2048,32,float16,1024,prefill_wmma:smallm_off,618.399,2,53
g4.q_proj    tp2,2816,2048,32,float16,1024,prefill_wmma,621.978,2,53
g4.q_proj    tp2,2816,2048,32,float16,1024,80x128,680.634,2,53
g4.q_proj    tp2,2816,2048,32,float16,1024,256x192,954.279,2,53
g4.q_proj    tp2,2816,2048,32,float16,1024,16x64,1328.774,2,53
g4.q_proj    tp2,2816,2048,32,float16,1024,16x128,1687.158,2,53
g4.q_proj    tp2,2816,2048,32,float16,2048,512x128,335.632,2,53
g4.q_proj    tp2,2816,2048,32,float16,2048,256x128,336.051,2,53
g4.q_proj    tp2,2816,2048,32,float16,2048,128x128,391.539,2,53
g4.q_proj    tp2,2816,2048,32,float16,2048,256x64,413.730,2,53
g4.q_proj    tp2,2816,2048,32,float16,2048,384x128,416.359,2,53
g4.q_proj    tp2,2816,2048,32,float16,2048,128x64,419.809,2,53
g4.q_proj    tp2,2816,2048,32,float16,2048,192x128,506.816,2,53
g4.q_proj    tp2,2816,2048,32,float16,2048,512x64,507.029,2,53
g4.q_proj    tp2,2816,2048,32,float16,2048,prefill_wmma_ashuffle,508.188,2,53
g4.q_proj    tp2,2816,2048,32,float16,2048,64x64,520.984,2,53
g4.q_proj    tp2,2816,2048,32,float16,2048,112x128,526.667,2,53
g4.q_proj    tp2,2816,2048,32,float16,2048,256x32,533.031,2,53
g4.q_proj    tp2,2816,2048,32,float16,2048,96x128,550.227,2,53
g4.q_proj    tp2,2816,2048,32,float16,2048,128x32,569.242,2,53
g4.q_proj    tp2,2816,2048,32,float16,2048,64x32,611.597,2,53
g4.q_proj    tp2,2816,2048,32,float16,2048,32x64,737.338,2,53
g4.q_proj    tp2,2816,2048,32,float16,2048,256x256,746.350,2,53
g4.q_proj    tp2,2816,2048,32,float16,2048,32x32,785.080,2,53
g4.q_proj    tp2,2816,2048,32,float16,2048,128x256,816.189,2,53
g4.q_proj    tp2,2816,2048,32,float16,2048,64x128,1055.053,2,53
g4.q_proj    tp2,2816,2048,32,float16,2048,80x128,1088.005,2,53
g4.q_proj    tp2,2816,2048,32,float16,2048,prefill_wmma:smallm_off,1226.396,2,53
g4.q_proj    tp2,2816,2048,32,float16,2048,prefill_wmma,1228.520,2,53
g4.q_proj    tp2,2816,2048,32,float16,2048,32x128,1469.515,2,53
g4.q_proj    tp2,2816,2048,32,float16,2048,256x192,1715.237,2,53
g4.q_proj    tp2,2816,2048,32,float16,2048,16x64,2082.622,2,53
g4.q_proj    tp2,2816,2048,32,float16,2048,16x128,3091.499,2,53
g4.o_proj    tp2,2048,2816,32,float16,1,64x32,55.747,6,53
g4.o_proj    tp2,2048,2816,32,float16,1,128x32,58.755,6,53
g4.o_proj    tp2,2048,2816,32,float16,1,128x64,61.168,6,53
g4.o_proj    tp2,2048,2816,32,float16,1,32x32,73.727,5,53
g4.o_proj    tp2,2048,2816,32,float16,1,64x64,73.803,5,53
g4.o_proj    tp2,2048,2816,32,float16,1,256x128,76.861,4,53
g4.o_proj    tp2,2048,2816,32,float16,1,256x64,80.371,4,53
g4.o_proj    tp2,2048,2816,32,float16,1,128x128,83.860,4,53
g4.o_proj    tp2,2048,2816,32,float16,1,384x128,85.088,4,53
g4.o_proj    tp2,2048,2816,32,float16,1,192x128,91.749,4,53
g4.o_proj    tp2,2048,2816,32,float16,1,prefill_wmma_ashuffle,92.064,4,53
g4.o_proj    tp2,2048,2816,32,float16,1,512x128,94.559,3,53
g4.o_proj    tp2,2048,2816,32,float16,1,256x32,97.784,3,53
g4.o_proj    tp2,2048,2816,32,float16,1,96x128,99.427,3,53
g4.o_proj    tp2,2048,2816,32,float16,1,112x128,100.209,3,53
g4.o_proj    tp2,2048,2816,32,float16,1,32x64,105.080,3,53
g4.o_proj    tp2,2048,2816,32,float16,1,64x128,106.908,3,53
g4.o_proj    tp2,2048,2816,32,float16,1,prefill_wmma,119.313,3,53
g4.o_proj    tp2,2048,2816,32,float16,1,prefill_wmma:smallm_off,189.162,2,53
g4.o_proj    tp2,2048,2816,32,float16,1,80x128,204.648,2,53
g4.o_proj    tp2,2048,2816,32,float16,1,256x192,215.045,2,53
g4.o_proj    tp2,2048,2816,32,float16,1,512x64,228.303,2,53
g4.o_proj    tp2,2048,2816,32,float16,1,128x256,358.907,2,53
g4.o_proj    tp2,2048,2816,32,float16,1,256x256,364.419,2,53
g4.o_proj    tp2,2048,2816,32,float16,1,16x64,368.913,2,53
g4.o_proj    tp2,2048,2816,32,float16,1,32x128,369.411,2,53
g4.o_proj    tp2,2048,2816,32,float16,1,16x128,606.822,2,53
g4.o_proj    tp2,2048,2816,32,float16,8,64x32,55.415,6,53
g4.o_proj    tp2,2048,2816,32,float16,8,128x32,58.697,6,53
g4.o_proj    tp2,2048,2816,32,float16,8,128x64,61.770,6,53
g4.o_proj    tp2,2048,2816,32,float16,8,32x32,72.795,5,53
g4.o_proj    tp2,2048,2816,32,float16,8,64x64,73.634,5,53
g4.o_proj    tp2,2048,2816,32,float16,8,256x128,77.893,4,53
g4.o_proj    tp2,2048,2816,32,float16,8,128x128,84.877,4,53
g4.o_proj    tp2,2048,2816,32,float16,8,384x128,86.411,4,53
g4.o_proj    tp2,2048,2816,32,float16,8,192x128,92.955,4,53
g4.o_proj    tp2,2048,2816,32,float16,8,prefill_wmma_ashuffle,95.566,3,53
g4.o_proj    tp2,2048,2816,32,float16,8,512x128,95.864,3,53
g4.o_proj    tp2,2048,2816,32,float16,8,256x32,98.668,3,53
g4.o_proj    tp2,2048,2816,32,float16,8,96x128,100.061,3,53
g4.o_proj    tp2,2048,2816,32,float16,8,112x128,101.135,3,53
g4.o_proj    tp2,2048,2816,32,float16,8,256x64,102.235,3,53
g4.o_proj    tp2,2048,2816,32,float16,8,32x64,103.734,3,53
g4.o_proj    tp2,2048,2816,32,float16,8,64x128,107.006,3,53
g4.o_proj    tp2,2048,2816,32,float16,8,prefill_wmma,118.502,3,53
g4.o_proj    tp2,2048,2816,32,float16,8,80x128,183.013,2,53
g4.o_proj    tp2,2048,2816,32,float16,8,prefill_wmma:smallm_off,195.543,2,53
g4.o_proj    tp2,2048,2816,32,float16,8,256x192,214.732,2,53
g4.o_proj    tp2,2048,2816,32,float16,8,512x64,223.780,2,53
g4.o_proj    tp2,2048,2816,32,float16,8,32x128,316.887,2,53
g4.o_proj    tp2,2048,2816,32,float16,8,16x64,334.587,2,53
g4.o_proj    tp2,2048,2816,32,float16,8,128x256,358.388,2,53
g4.o_proj    tp2,2048,2816,32,float16,8,256x256,361.897,2,53
g4.o_proj    tp2,2048,2816,32,float16,8,16x128,480.895,2,53
g4.o_proj    tp2,2048,2816,32,float16,17,128x32,59.002,6,53
g4.o_proj    tp2,2048,2816,32,float16,17,64x32,60.509,5,53
g4.o_proj    tp2,2048,2816,32,float16,17,128x64,61.926,5,53
g4.o_proj    tp2,2048,2816,32,float16,17,256x128,77.364,4,53
g4.o_proj    tp2,2048,2816,32,float16,17,64x64,78.139,4,53
g4.o_proj    tp2,2048,2816,32,float16,17,32x32,82.496,4,53
g4.o_proj    tp2,2048,2816,32,float16,17,128x128,84.564,4,53
g4.o_proj    tp2,2048,2816,32,float16,17,384x128,85.677,4,53
g4.o_proj    tp2,2048,2816,32,float16,17,192x128,92.082,4,53
g4.o_proj    tp2,2048,2816,32,float16,17,512x128,95.210,3,53
g4.o_proj    tp2,2048,2816,32,float16,17,256x32,98.128,3,53
g4.o_proj    tp2,2048,2816,32,float16,17,96x128,99.734,3,53
g4.o_proj    tp2,2048,2816,32,float16,17,prefill_wmma_ashuffle,100.316,3,53
g4.o_proj    tp2,2048,2816,32,float16,17,112x128,101.009,3,53
g4.o_proj    tp2,2048,2816,32,float16,17,256x64,103.017,3,53
g4.o_proj    tp2,2048,2816,32,float16,17,32x64,125.429,3,53
g4.o_proj    tp2,2048,2816,32,float16,17,prefill_wmma,133.687,2,53
g4.o_proj    tp2,2048,2816,32,float16,17,prefill_wmma:smallm_off,183.293,2,53
g4.o_proj    tp2,2048,2816,32,float16,17,256x192,214.814,2,53
g4.o_proj    tp2,2048,2816,32,float16,17,64x128,215.942,2,53
g4.o_proj    tp2,2048,2816,32,float16,17,80x128,226.187,2,53
g4.o_proj    tp2,2048,2816,32,float16,17,512x64,229.117,2,53
g4.o_proj    tp2,2048,2816,32,float16,17,16x64,315.271,2,53
g4.o_proj    tp2,2048,2816,32,float16,17,32x128,334.141,2,53
g4.o_proj    tp2,2048,2816,32,float16,17,128x256,362.850,2,53
g4.o_proj    tp2,2048,2816,32,float16,17,256x256,368.237,2,53
g4.o_proj    tp2,2048,2816,32,float16,17,16x128,460.371,2,53
g4.o_proj    tp2,2048,2816,32,float16,24,128x32,59.099,6,53
g4.o_proj    tp2,2048,2816,32,float16,24,64x32,60.602,6,53
g4.o_proj    tp2,2048,2816,32,float16,24,128x64,61.897,5,53
g4.o_proj    tp2,2048,2816,32,float16,24,256x128,77.417,4,53
g4.o_proj    tp2,2048,2816,32,float16,24,64x64,78.969,4,53
g4.o_proj    tp2,2048,2816,32,float16,24,32x32,83.206,4,53
g4.o_proj    tp2,2048,2816,32,float16,24,128x128,84.825,4,53
g4.o_proj    tp2,2048,2816,32,float16,24,384x128,85.733,4,53
g4.o_proj    tp2,2048,2816,32,float16,24,192x128,92.343,4,53
g4.o_proj    tp2,2048,2816,32,float16,24,512x128,95.224,3,53
g4.o_proj    tp2,2048,2816,32,float16,24,256x32,98.551,3,53
g4.o_proj    tp2,2048,2816,32,float16,24,96x128,100.403,3,53
g4.o_proj    tp2,2048,2816,32,float16,24,prefill_wmma_ashuffle,100.911,3,53
g4.o_proj    tp2,2048,2816,32,float16,24,112x128,101.401,3,53
g4.o_proj    tp2,2048,2816,32,float16,24,256x64,103.397,3,53
g4.o_proj    tp2,2048,2816,32,float16,24,prefill_wmma,134.669,2,53
g4.o_proj    tp2,2048,2816,32,float16,24,prefill_wmma:smallm_off,190.704,2,53
g4.o_proj    tp2,2048,2816,32,float16,24,32x64,202.189,2,53
g4.o_proj    tp2,2048,2816,32,float16,24,256x192,214.288,2,53
g4.o_proj    tp2,2048,2816,32,float16,24,64x128,218.660,2,53
g4.o_proj    tp2,2048,2816,32,float16,24,512x64,227.047,2,53
g4.o_proj    tp2,2048,2816,32,float16,24,80x128,230.452,2,53
g4.o_proj    tp2,2048,2816,32,float16,24,16x64,330.779,2,53
g4.o_proj    tp2,2048,2816,32,float16,24,32x128,338.913,2,53
g4.o_proj    tp2,2048,2816,32,float16,24,256x256,359.122,2,53
g4.o_proj    tp2,2048,2816,32,float16,24,128x256,361.638,2,53
g4.o_proj    tp2,2048,2816,32,float16,24,16x128,481.028,2,53
g4.o_proj    tp2,2048,2816,32,float16,32,128x32,59.298,6,53
g4.o_proj    tp2,2048,2816,32,float16,32,64x32,61.014,6,53
g4.o_proj    tp2,2048,2816,32,float16,32,128x64,62.133,5,53
g4.o_proj    tp2,2048,2816,32,float16,32,256x128,77.386,4,53
g4.o_proj    tp2,2048,2816,32,float16,32,64x64,79.509,4,53
g4.o_proj    tp2,2048,2816,32,float16,32,128x128,85.271,4,53
g4.o_proj    tp2,2048,2816,32,float16,32,384x128,85.802,4,53
g4.o_proj    tp2,2048,2816,32,float16,32,32x32,88.812,4,53
g4.o_proj    tp2,2048,2816,32,float16,32,192x128,92.267,4,53
g4.o_proj    tp2,2048,2816,32,float16,32,512x128,95.382,3,53
g4.o_proj    tp2,2048,2816,32,float16,32,256x32,98.385,3,53
g4.o_proj    tp2,2048,2816,32,float16,32,prefill_wmma_ashuffle,100.843,3,53
g4.o_proj    tp2,2048,2816,32,float16,32,256x64,103.251,3,53
g4.o_proj    tp2,2048,2816,32,float16,32,96x128,105.313,3,53
g4.o_proj    tp2,2048,2816,32,float16,32,112x128,106.127,3,53
g4.o_proj    tp2,2048,2816,32,float16,32,prefill_wmma,139.473,2,53
g4.o_proj    tp2,2048,2816,32,float16,32,prefill_wmma:smallm_off,195.679,2,53
g4.o_proj    tp2,2048,2816,32,float16,32,64x128,214.181,2,53
g4.o_proj    tp2,2048,2816,32,float16,32,256x192,215.252,2,53
g4.o_proj    tp2,2048,2816,32,float16,32,80x128,225.605,2,53
g4.o_proj    tp2,2048,2816,32,float16,32,512x64,229.704,2,53
g4.o_proj    tp2,2048,2816,32,float16,32,32x64,230.609,2,53
g4.o_proj    tp2,2048,2816,32,float16,32,16x64,343.359,2,53
g4.o_proj    tp2,2048,2816,32,float16,32,32x128,344.221,2,53
g4.o_proj    tp2,2048,2816,32,float16,32,256x256,352.172,2,53
g4.o_proj    tp2,2048,2816,32,float16,32,128x256,375.475,2,53
g4.o_proj    tp2,2048,2816,32,float16,32,16x128,497.129,2,53
g4.o_proj    tp2,2048,2816,32,float16,48,128x32,63.455,5,53
g4.o_proj    tp2,2048,2816,32,float16,48,128x64,65.847,5,53
g4.o_proj    tp2,2048,2816,32,float16,48,64x32,66.974,5,53
g4.o_proj    tp2,2048,2816,32,float16,48,256x128,77.393,4,53
g4.o_proj    tp2,2048,2816,32,float16,48,64x64,84.667,4,53
g4.o_proj    tp2,2048,2816,32,float16,48,384x128,85.724,4,53
g4.o_proj    tp2,2048,2816,32,float16,48,128x128,90.260,4,53
g4.o_proj    tp2,2048,2816,32,float16,48,192x128,92.815,4,53
g4.o_proj    tp2,2048,2816,32,float16,48,512x128,95.239,3,53
g4.o_proj    tp2,2048,2816,32,float16,48,256x32,98.295,3,53
g4.o_proj    tp2,2048,2816,32,float16,48,256x64,102.977,3,53
g4.o_proj    tp2,2048,2816,32,float16,48,96x128,105.687,3,53
g4.o_proj    tp2,2048,2816,32,float16,48,prefill_wmma_ashuffle,106.048,3,53
g4.o_proj    tp2,2048,2816,32,float16,48,112x128,106.473,3,53
g4.o_proj    tp2,2048,2816,32,float16,48,32x32,111.383,3,53
g4.o_proj    tp2,2048,2816,32,float16,48,32x64,143.160,2,53
g4.o_proj    tp2,2048,2816,32,float16,48,prefill_wmma,199.005,2,53
g4.o_proj    tp2,2048,2816,32,float16,48,prefill_wmma:smallm_off,202.836,2,53
g4.o_proj    tp2,2048,2816,32,float16,48,256x192,210.913,2,53
g4.o_proj    tp2,2048,2816,32,float16,48,64x128,228.256,2,53
g4.o_proj    tp2,2048,2816,32,float16,48,512x64,229.396,2,53
g4.o_proj    tp2,2048,2816,32,float16,48,80x128,247.186,2,53
g4.o_proj    tp2,2048,2816,32,float16,48,32x128,336.838,2,53
g4.o_proj    tp2,2048,2816,32,float16,48,16x64,341.178,2,53
g4.o_proj    tp2,2048,2816,32,float16,48,256x256,358.859,2,53
g4.o_proj    tp2,2048,2816,32,float16,48,128x256,369.735,2,53
g4.o_proj    tp2,2048,2816,32,float16,48,16x128,491.820,2,53
g4.o_proj    tp2,2048,2816,32,float16,63,128x32,63.535,5,53
g4.o_proj    tp2,2048,2816,32,float16,63,128x64,66.749,5,53
g4.o_proj    tp2,2048,2816,32,float16,63,64x32,73.297,5,53
g4.o_proj    tp2,2048,2816,32,float16,63,256x128,77.699,4,53
g4.o_proj    tp2,2048,2816,32,float16,63,384x128,86.078,4,53
g4.o_proj    tp2,2048,2816,32,float16,63,32x32,90.072,4,53
g4.o_proj    tp2,2048,2816,32,float16,63,128x128,90.692,4,53
g4.o_proj    tp2,2048,2816,32,float16,63,64x64,91.717,4,53
g4.o_proj    tp2,2048,2816,32,float16,63,512x128,95.611,3,53
g4.o_proj    tp2,2048,2816,32,float16,63,192x128,97.742,3,53
g4.o_proj    tp2,2048,2816,32,float16,63,256x32,98.814,3,53
g4.o_proj    tp2,2048,2816,32,float16,63,256x64,103.094,3,53
g4.o_proj    tp2,2048,2816,32,float16,63,96x128,110.045,3,53
g4.o_proj    tp2,2048,2816,32,float16,63,prefill_wmma_ashuffle,111.519,3,53
g4.o_proj    tp2,2048,2816,32,float16,63,112x128,112.066,3,53
g4.o_proj    tp2,2048,2816,32,float16,63,prefill_wmma:smallm_off,207.508,2,53
g4.o_proj    tp2,2048,2816,32,float16,63,prefill_wmma,210.151,2,53
g4.o_proj    tp2,2048,2816,32,float16,63,256x192,217.066,2,53
g4.o_proj    tp2,2048,2816,32,float16,63,512x64,230.004,2,53
g4.o_proj    tp2,2048,2816,32,float16,63,32x64,232.664,2,53
g4.o_proj    tp2,2048,2816,32,float16,63,64x128,238.031,2,53
g4.o_proj    tp2,2048,2816,32,float16,63,80x128,317.369,2,53
g4.o_proj    tp2,2048,2816,32,float16,63,16x64,349.263,2,53
g4.o_proj    tp2,2048,2816,32,float16,63,256x256,354.062,2,53
g4.o_proj    tp2,2048,2816,32,float16,63,32x128,361.650,2,53
g4.o_proj    tp2,2048,2816,32,float16,63,128x256,379.787,2,53
g4.o_proj    tp2,2048,2816,32,float16,63,16x128,505.638,2,53
g4.o_proj    tp2,2048,2816,32,float16,64,128x32,63.751,5,53
g4.o_proj    tp2,2048,2816,32,float16,64,128x64,66.785,5,53
g4.o_proj    tp2,2048,2816,32,float16,64,64x32,73.428,5,53
g4.o_proj    tp2,2048,2816,32,float16,64,256x128,77.812,4,53
g4.o_proj    tp2,2048,2816,32,float16,64,384x128,86.194,4,53
g4.o_proj    tp2,2048,2816,32,float16,64,32x32,90.228,4,53
g4.o_proj    tp2,2048,2816,32,float16,64,128x128,90.965,4,53
g4.o_proj    tp2,2048,2816,32,float16,64,64x64,91.902,4,53
g4.o_proj    tp2,2048,2816,32,float16,64,512x128,95.622,3,53
g4.o_proj    tp2,2048,2816,32,float16,64,192x128,98.352,3,53
g4.o_proj    tp2,2048,2816,32,float16,64,256x32,99.206,3,53
g4.o_proj    tp2,2048,2816,32,float16,64,256x64,103.100,3,53
g4.o_proj    tp2,2048,2816,32,float16,64,96x128,110.464,3,53
g4.o_proj    tp2,2048,2816,32,float16,64,prefill_wmma_ashuffle,111.742,3,53
g4.o_proj    tp2,2048,2816,32,float16,64,112x128,112.283,3,53
g4.o_proj    tp2,2048,2816,32,float16,64,prefill_wmma:smallm_off,208.598,2,53
g4.o_proj    tp2,2048,2816,32,float16,64,prefill_wmma,210.670,2,53
g4.o_proj    tp2,2048,2816,32,float16,64,256x192,224.036,2,53
g4.o_proj    tp2,2048,2816,32,float16,64,512x64,229.326,2,53
g4.o_proj    tp2,2048,2816,32,float16,64,32x64,232.657,2,53
g4.o_proj    tp2,2048,2816,32,float16,64,64x128,235.072,2,53
g4.o_proj    tp2,2048,2816,32,float16,64,80x128,307.865,2,53
g4.o_proj    tp2,2048,2816,32,float16,64,16x64,358.858,2,53
g4.o_proj    tp2,2048,2816,32,float16,64,32x128,362.206,2,53
g4.o_proj    tp2,2048,2816,32,float16,64,256x256,366.469,2,53
g4.o_proj    tp2,2048,2816,32,float16,64,128x256,388.579,2,53
g4.o_proj    tp2,2048,2816,32,float16,64,16x128,507.338,2,53
g4.o_proj    tp2,2048,2816,32,float16,96,128x32,70.367,5,53
g4.o_proj    tp2,2048,2816,32,float16,96,64x32,71.699,5,53
g4.o_proj    tp2,2048,2816,32,float16,96,128x64,74.498,4,53
g4.o_proj    tp2,2048,2816,32,float16,96,256x128,83.457,4,53
g4.o_proj    tp2,2048,2816,32,float16,96,384x128,86.109,4,53
g4.o_proj    tp2,2048,2816,32,float16,96,64x64,90.689,4,53
g4.o_proj    tp2,2048,2816,32,float16,96,32x32,91.082,4,53
g4.o_proj    tp2,2048,2816,32,float16,96,512x128,95.615,3,53
g4.o_proj    tp2,2048,2816,32,float16,96,192x128,98.764,3,53
g4.o_proj    tp2,2048,2816,32,float16,96,128x128,98.980,3,53
g4.o_proj    tp2,2048,2816,32,float16,96,256x32,104.219,3,53
g4.o_proj    tp2,2048,2816,32,float16,96,256x64,105.860,3,53
g4.o_proj    tp2,2048,2816,32,float16,96,prefill_wmma_ashuffle,121.882,3,53
g4.o_proj    tp2,2048,2816,32,float16,96,64x128,125.095,2,53
g4.o_proj    tp2,2048,2816,32,float16,96,112x128,129.577,2,53
g4.o_proj    tp2,2048,2816,32,float16,96,80x128,131.397,2,53
g4.o_proj    tp2,2048,2816,32,float16,96,96x128,140.139,2,53
g4.o_proj    tp2,2048,2816,32,float16,96,prefill_wmma,142.371,2,53
g4.o_proj    tp2,2048,2816,32,float16,96,prefill_wmma:smallm_off,227.304,2,53
g4.o_proj    tp2,2048,2816,32,float16,96,512x64,229.417,2,53
g4.o_proj    tp2,2048,2816,32,float16,96,32x64,233.074,2,53
g4.o_proj    tp2,2048,2816,32,float16,96,256x192,236.963,2,53
g4.o_proj    tp2,2048,2816,32,float16,96,32x128,380.384,2,53
g4.o_proj    tp2,2048,2816,32,float16,96,256x256,383.359,2,53
g4.o_proj    tp2,2048,2816,32,float16,96,16x64,387.500,2,53
g4.o_proj    tp2,2048,2816,32,float16,96,128x256,412.956,2,53
g4.o_proj    tp2,2048,2816,32,float16,96,16x128,567.731,2,53
g4.o_proj    tp2,2048,2816,32,float16,128,64x32,73.668,4,53
g4.o_proj    tp2,2048,2816,32,float16,128,128x32,76.141,4,53
g4.o_proj    tp2,2048,2816,32,float16,128,128x64,79.853,4,53
g4.o_proj    tp2,2048,2816,32,float16,128,256x128,83.485,4,53
g4.o_proj    tp2,2048,2816,32,float16,128,384x128,92.073,4,53
g4.o_proj    tp2,2048,2816,32,float16,128,64x64,92.503,3,53
g4.o_proj    tp2,2048,2816,32,float16,128,32x32,92.954,3,53
g4.o_proj    tp2,2048,2816,32,float16,128,512x128,95.956,3,53
g4.o_proj    tp2,2048,2816,32,float16,128,192x128,103.988,3,53
g4.o_proj    tp2,2048,2816,32,float16,128,256x32,104.023,3,53
g4.o_proj    tp2,2048,2816,32,float16,128,128x128,104.609,3,53
g4.o_proj    tp2,2048,2816,32,float16,128,256x64,108.749,3,53
g4.o_proj    tp2,2048,2816,32,float16,128,96x128,114.119,3,53
g4.o_proj    tp2,2048,2816,32,float16,128,prefill_wmma_ashuffle,133.057,2,53
g4.o_proj    tp2,2048,2816,32,float16,128,112x128,136.315,2,53
g4.o_proj    tp2,2048,2816,32,float16,128,256x192,228.035,2,53
g4.o_proj    tp2,2048,2816,32,float16,128,512x64,229.732,2,53
g4.o_proj    tp2,2048,2816,32,float16,128,32x64,233.904,2,53
g4.o_proj    tp2,2048,2816,32,float16,128,64x128,235.727,2,53
g4.o_proj    tp2,2048,2816,32,float16,128,prefill_wmma,237.760,2,53
g4.o_proj    tp2,2048,2816,32,float16,128,80x128,238.342,2,53
g4.o_proj    tp2,2048,2816,32,float16,128,prefill_wmma:smallm_off,238.666,2,53
g4.o_proj    tp2,2048,2816,32,float16,128,256x256,341.498,2,53
g4.o_proj    tp2,2048,2816,32,float16,128,32x128,381.890,2,53
g4.o_proj    tp2,2048,2816,32,float16,128,16x64,389.888,2,53
g4.o_proj    tp2,2048,2816,32,float16,128,128x256,422.660,2,53
g4.o_proj    tp2,2048,2816,32,float16,128,16x128,553.709,2,53
g4.o_proj    tp2,2048,2816,32,float16,192,128x64,79.020,4,53
g4.o_proj    tp2,2048,2816,32,float16,192,64x32,80.401,4,53
g4.o_proj    tp2,2048,2816,32,float16,192,256x128,87.432,4,53
g4.o_proj    tp2,2048,2816,32,float16,192,256x64,88.144,3,53
g4.o_proj    tp2,2048,2816,32,float16,192,384x128,92.191,4,53
g4.o_proj    tp2,2048,2816,32,float16,192,64x64,94.046,3,53
g4.o_proj    tp2,2048,2816,32,float16,192,128x128,101.094,3,53
g4.o_proj    tp2,2048,2816,32,float16,192,512x128,101.780,3,53
g4.o_proj    tp2,2048,2816,32,float16,192,256x32,109.660,3,53
g4.o_proj    tp2,2048,2816,32,float16,192,192x128,109.942,3,53
g4.o_proj    tp2,2048,2816,32,float16,192,128x32,111.749,3,53
g4.o_proj    tp2,2048,2816,32,float16,192,112x128,116.182,3,53
g4.o_proj    tp2,2048,2816,32,float16,192,32x32,123.717,2,53
g4.o_proj    tp2,2048,2816,32,float16,192,80x128,133.985,2,53
g4.o_proj    tp2,2048,2816,32,float16,192,96x128,138.547,2,53
g4.o_proj    tp2,2048,2816,32,float16,192,prefill_wmma_ashuffle,178.233,2,53
g4.o_proj    tp2,2048,2816,32,float16,192,32x64,236.603,2,53
g4.o_proj    tp2,2048,2816,32,float16,192,512x64,237.208,2,53
g4.o_proj    tp2,2048,2816,32,float16,192,64x128,249.310,2,53
g4.o_proj    tp2,2048,2816,32,float16,192,256x192,258.698,2,53
g4.o_proj    tp2,2048,2816,32,float16,192,prefill_wmma,267.256,2,53
g4.o_proj    tp2,2048,2816,32,float16,192,prefill_wmma:smallm_off,267.903,2,53
g4.o_proj    tp2,2048,2816,32,float16,192,256x256,304.606,2,53
g4.o_proj    tp2,2048,2816,32,float16,192,32x128,374.443,2,53
g4.o_proj    tp2,2048,2816,32,float16,192,16x64,375.489,2,53
g4.o_proj    tp2,2048,2816,32,float16,192,128x256,380.148,2,53
g4.o_proj    tp2,2048,2816,32,float16,192,16x128,505.954,2,53
g4.o_proj    tp2,2048,2816,32,float16,256,128x64,90.301,4,53
g4.o_proj    tp2,2048,2816,32,float16,256,256x64,97.978,3,53
g4.o_proj    tp2,2048,2816,32,float16,256,256x128,102.025,3,53
g4.o_proj    tp2,2048,2816,32,float16,256,64x64,105.936,3,53
g4.o_proj    tp2,2048,2816,32,float16,256,384x128,106.518,3,53
g4.o_proj    tp2,2048,2816,32,float16,256,512x128,110.279,3,53
g4.o_proj    tp2,2048,2816,32,float16,256,128x128,111.768,3,53
g4.o_proj    tp2,2048,2816,32,float16,256,128x32,121.616,3,53
g4.o_proj    tp2,2048,2816,32,float16,256,256x32,121.846,3,53
g4.o_proj    tp2,2048,2816,32,float16,256,64x32,123.421,2,53
g4.o_proj    tp2,2048,2816,32,float16,256,96x128,133.592,2,53
g4.o_proj    tp2,2048,2816,32,float16,256,192x128,141.774,2,53
g4.o_proj    tp2,2048,2816,32,float16,256,32x32,151.301,2,53
g4.o_proj    tp2,2048,2816,32,float16,256,80x128,151.693,2,53
g4.o_proj    tp2,2048,2816,32,float16,256,112x128,152.520,2,53
g4.o_proj    tp2,2048,2816,32,float16,256,prefill_wmma_ashuffle,203.102,2,53
g4.o_proj    tp2,2048,2816,32,float16,256,512x64,244.897,2,53
g4.o_proj    tp2,2048,2816,32,float16,256,32x64,247.741,2,53
g4.o_proj    tp2,2048,2816,32,float16,256,256x192,275.974,2,53
g4.o_proj    tp2,2048,2816,32,float16,256,prefill_wmma,286.376,2,53
g4.o_proj    tp2,2048,2816,32,float16,256,prefill_wmma:smallm_off,292.946,2,53
g4.o_proj    tp2,2048,2816,32,float16,256,256x256,309.180,2,53
g4.o_proj    tp2,2048,2816,32,float16,256,64x128,350.867,2,53
g4.o_proj    tp2,2048,2816,32,float16,256,32x128,397.787,2,53
g4.o_proj    tp2,2048,2816,32,float16,256,16x64,401.728,2,53
g4.o_proj    tp2,2048,2816,32,float16,256,128x256,403.519,2,53
g4.o_proj    tp2,2048,2816,32,float16,256,16x128,533.330,2,53
g4.o_proj    tp2,2048,2816,32,float16,512,256x64,119.554,3,53
g4.o_proj    tp2,2048,2816,32,float16,512,256x128,120.035,3,53
g4.o_proj    tp2,2048,2816,32,float16,512,128x64,122.525,3,53
g4.o_proj    tp2,2048,2816,32,float16,512,512x128,126.189,2,53
g4.o_proj    tp2,2048,2816,32,float16,512,128x128,129.129,2,53
g4.o_proj    tp2,2048,2816,32,float16,512,64x64,146.444,2,53
g4.o_proj    tp2,2048,2816,32,float16,512,112x128,149.195,2,53
g4.o_proj    tp2,2048,2816,32,float16,512,128x32,165.162,2,53
g4.o_proj    tp2,2048,2816,32,float16,512,256x32,167.200,2,53
g4.o_proj    tp2,2048,2816,32,float16,512,64x32,174.493,2,53
g4.o_proj    tp2,2048,2816,32,float16,512,384x128,195.654,2,53
g4.o_proj    tp2,2048,2816,32,float16,512,prefill_wmma_ashuffle,224.136,2,53
g4.o_proj    tp2,2048,2816,32,float16,512,192x128,224.786,2,53
g4.o_proj    tp2,2048,2816,32,float16,512,96x128,240.423,2,53
g4.o_proj    tp2,2048,2816,32,float16,512,32x32,248.309,2,53
g4.o_proj    tp2,2048,2816,32,float16,512,256x256,263.448,2,53
g4.o_proj    tp2,2048,2816,32,float16,512,512x64,263.729,2,53
g4.o_proj    tp2,2048,2816,32,float16,512,32x64,275.520,2,53
g4.o_proj    tp2,2048,2816,32,float16,512,128x256,282.022,2,53
g4.o_proj    tp2,2048,2816,32,float16,512,256x192,307.501,2,53
g4.o_proj    tp2,2048,2816,32,float16,512,80x128,343.070,2,53
g4.o_proj    tp2,2048,2816,32,float16,512,64x128,363.068,2,53
g4.o_proj    tp2,2048,2816,32,float16,512,32x128,418.195,2,53
g4.o_proj    tp2,2048,2816,32,float16,512,prefill_wmma:smallm_off,485.379,2,53
g4.o_proj    tp2,2048,2816,32,float16,512,prefill_wmma,486.808,2,53
g4.o_proj    tp2,2048,2816,32,float16,512,16x64,693.459,2,53
g4.o_proj    tp2,2048,2816,32,float16,512,16x128,940.256,2,53
g4.o_proj    tp2,2048,2816,32,float16,1024,256x128,213.329,2,53
g4.o_proj    tp2,2048,2816,32,float16,1024,128x64,220.262,2,53
g4.o_proj    tp2,2048,2816,32,float16,1024,512x128,230.332,2,53
g4.o_proj    tp2,2048,2816,32,float16,1024,128x128,235.050,2,53
g4.o_proj    tp2,2048,2816,32,float16,1024,256x64,238.518,2,53
g4.o_proj    tp2,2048,2816,32,float16,1024,64x64,268.604,2,53
g4.o_proj    tp2,2048,2816,32,float16,1024,512x64,273.962,2,53
g4.o_proj    tp2,2048,2816,32,float16,1024,112x128,279.159,2,53
g4.o_proj    tp2,2048,2816,32,float16,1024,256x32,279.340,2,53
g4.o_proj    tp2,2048,2816,32,float16,1024,384x128,283.361,2,53
g4.o_proj    tp2,2048,2816,32,float16,1024,128x32,285.527,2,53
g4.o_proj    tp2,2048,2816,32,float16,1024,96x128,290.240,2,53
g4.o_proj    tp2,2048,2816,32,float16,1024,64x32,300.813,2,53
g4.o_proj    tp2,2048,2816,32,float16,1024,192x128,325.517,2,53
g4.o_proj    tp2,2048,2816,32,float16,1024,prefill_wmma_ashuffle,364.076,2,53
g4.o_proj    tp2,2048,2816,32,float16,1024,32x32,422.019,2,53
g4.o_proj    tp2,2048,2816,32,float16,1024,32x64,428.018,2,53
g4.o_proj    tp2,2048,2816,32,float16,1024,256x256,504.140,2,53
g4.o_proj    tp2,2048,2816,32,float16,1024,128x256,559.412,2,53
g4.o_proj    tp2,2048,2816,32,float16,1024,64x128,593.011,2,53
g4.o_proj    tp2,2048,2816,32,float16,1024,80x128,616.537,2,53
g4.o_proj    tp2,2048,2816,32,float16,1024,256x192,662.402,2,53
g4.o_proj    tp2,2048,2816,32,float16,1024,prefill_wmma,734.280,2,53
g4.o_proj    tp2,2048,2816,32,float16,1024,prefill_wmma:smallm_off,736.599,2,53
g4.o_proj    tp2,2048,2816,32,float16,1024,32x128,780.958,2,53
g4.o_proj    tp2,2048,2816,32,float16,1024,16x64,900.209,2,53
g4.o_proj    tp2,2048,2816,32,float16,1024,16x128,1619.356,2,53
g4.o_proj    tp2,2048,2816,32,float16,2048,256x128,349.323,2,53
g4.o_proj    tp2,2048,2816,32,float16,2048,512x128,356.965,2,53
g4.o_proj    tp2,2048,2816,32,float16,2048,128x128,396.327,2,53
g4.o_proj    tp2,2048,2816,32,float16,2048,256x64,408.817,2,53
g4.o_proj    tp2,2048,2816,32,float16,2048,128x64,413.632,2,53
g4.o_proj    tp2,2048,2816,32,float16,2048,384x128,460.641,2,53
g4.o_proj    tp2,2048,2816,32,float16,2048,192x128,468.624,2,53
g4.o_proj    tp2,2048,2816,32,float16,2048,64x64,510.919,2,53
g4.o_proj    tp2,2048,2816,32,float16,2048,112x128,516.630,2,53
g4.o_proj    tp2,2048,2816,32,float16,2048,512x64,524.934,2,53
g4.o_proj    tp2,2048,2816,32,float16,2048,256x32,536.171,2,53
g4.o_proj    tp2,2048,2816,32,float16,2048,96x128,536.306,2,53
g4.o_proj    tp2,2048,2816,32,float16,2048,prefill_wmma_ashuffle,543.312,2,53
g4.o_proj    tp2,2048,2816,32,float16,2048,128x32,551.024,2,53
g4.o_proj    tp2,2048,2816,32,float16,2048,64x32,603.069,2,53
g4.o_proj    tp2,2048,2816,32,float16,2048,32x64,764.545,2,53
g4.o_proj    tp2,2048,2816,32,float16,2048,256x256,785.808,2,53
g4.o_proj    tp2,2048,2816,32,float16,2048,32x32,786.455,2,53
g4.o_proj    tp2,2048,2816,32,float16,2048,128x256,861.663,2,53
g4.o_proj    tp2,2048,2816,32,float16,2048,80x128,924.764,2,53
g4.o_proj    tp2,2048,2816,32,float16,2048,64x128,931.589,2,53
g4.o_proj    tp2,2048,2816,32,float16,2048,prefill_wmma:smallm_off,1271.809,2,53
g4.o_proj    tp2,2048,2816,32,float16,2048,prefill_wmma,1272.419,2,53
g4.o_proj    tp2,2048,2816,32,float16,2048,32x128,1483.084,2,53
g4.o_proj    tp2,2048,2816,32,float16,2048,256x192,1561.045,2,53
g4.o_proj    tp2,2048,2816,32,float16,2048,16x64,1799.504,2,53
g4.o_proj    tp2,2048,2816,32,float16,2048,16x128,2321.613,2,53
g4.gate_up   tp1,2816,4224,32,float16,1,64x32,73.582,9,27
g4.gate_up   tp1,2816,4224,32,float16,1,128x32,86.391,8,27
g4.gate_up   tp1,2816,4224,32,float16,1,128x64,89.161,7,27
g4.gate_up   tp1,2816,4224,32,float16,1,32x32,96.066,7,27
g4.gate_up   tp1,2816,4224,32,float16,1,64x64,98.196,7,27
g4.gate_up   tp1,2816,4224,32,float16,1,prefill_wmma,122.351,6,27
g4.gate_up   tp1,2816,4224,32,float16,1,128x128,129.390,5,27
g4.gate_up   tp1,2816,4224,32,float16,1,96x128,132.177,5,27
g4.gate_up   tp1,2816,4224,32,float16,1,prefill_wmma_ashuffle,135.068,5,27
g4.gate_up   tp1,2816,4224,32,float16,1,32x64,140.786,5,27
g4.gate_up   tp1,2816,4224,32,float16,1,256x64,141.645,5,27
g4.gate_up   tp1,2816,4224,32,float16,1,64x128,145.340,5,27
g4.gate_up   tp1,2816,4224,32,float16,1,256x128,145.460,5,27
g4.gate_up   tp1,2816,4224,32,float16,1,112x128,145.547,5,27
g4.gate_up   tp1,2816,4224,32,float16,1,256x32,147.904,4,27
g4.gate_up   tp1,2816,4224,32,float16,1,192x128,156.286,4,27
g4.gate_up   tp1,2816,4224,32,float16,1,80x128,160.342,4,27
g4.gate_up   tp1,2816,4224,32,float16,1,384x128,227.008,3,27
g4.gate_up   tp1,2816,4224,32,float16,1,512x128,252.350,2,27
g4.gate_up   tp1,2816,4224,32,float16,1,prefill_wmma:smallm_off,283.521,2,27
g4.gate_up   tp1,2816,4224,32,float16,1,256x192,299.750,2,27
g4.gate_up   tp1,2816,4224,32,float16,1,256x256,306.102,2,27
g4.gate_up   tp1,2816,4224,32,float16,1,512x64,315.050,2,27
g4.gate_up   tp1,2816,4224,32,float16,1,128x256,398.784,2,27
g4.gate_up   tp1,2816,4224,32,float16,1,32x128,489.618,2,27
g4.gate_up   tp1,2816,4224,32,float16,1,16x64,509.920,2,27
g4.gate_up   tp1,2816,4224,32,float16,1,16x128,759.028,2,27
g4.gate_up   tp1,2816,4224,32,float16,8,64x32,73.971,9,27
g4.gate_up   tp1,2816,4224,32,float16,8,32x32,94.452,7,27
g4.gate_up   tp1,2816,4224,32,float16,8,64x64,98.322,7,27
g4.gate_up   tp1,2816,4224,32,float16,8,128x32,98.922,7,27
g4.gate_up   tp1,2816,4224,32,float16,8,128x64,104.810,7,27
g4.gate_up   tp1,2816,4224,32,float16,8,prefill_wmma,123.100,6,27
g4.gate_up   tp1,2816,4224,32,float16,8,96x128,132.392,5,27
g4.gate_up   tp1,2816,4224,32,float16,8,prefill_wmma_ashuffle,133.365,5,27
g4.gate_up   tp1,2816,4224,32,float16,8,128x128,135.155,5,27
g4.gate_up   tp1,2816,4224,32,float16,8,256x64,138.574,5,27
g4.gate_up   tp1,2816,4224,32,float16,8,32x64,139.499,5,27
g4.gate_up   tp1,2816,4224,32,float16,8,256x128,145.648,5,27
g4.gate_up   tp1,2816,4224,32,float16,8,64x128,145.665,5,27
g4.gate_up   tp1,2816,4224,32,float16,8,80x128,153.304,4,27
g4.gate_up   tp1,2816,4224,32,float16,8,112x128,156.382,4,27
g4.gate_up   tp1,2816,4224,32,float16,8,192x128,156.399,4,27
g4.gate_up   tp1,2816,4224,32,float16,8,256x32,175.060,4,27
g4.gate_up   tp1,2816,4224,32,float16,8,384x128,227.597,3,27
g4.gate_up   tp1,2816,4224,32,float16,8,512x128,252.222,2,27
g4.gate_up   tp1,2816,4224,32,float16,8,prefill_wmma:smallm_off,277.892,2,27
g4.gate_up   tp1,2816,4224,32,float16,8,256x192,294.765,2,27
g4.gate_up   tp1,2816,4224,32,float16,8,256x256,304.884,2,27
g4.gate_up   tp1,2816,4224,32,float16,8,512x64,316.951,2,27
g4.gate_up   tp1,2816,4224,32,float16,8,128x256,376.387,2,27
g4.gate_up   tp1,2816,4224,32,float16,8,32x128,494.567,2,27
g4.gate_up   tp1,2816,4224,32,float16,8,16x64,534.587,2,27
g4.gate_up   tp1,2816,4224,32,float16,8,16x128,752.828,2,27
g4.gate_up   tp1,2816,4224,32,float16,17,64x32,79.738,9,27
g4.gate_up   tp1,2816,4224,32,float16,17,128x32,96.747,7,27
g4.gate_up   tp1,2816,4224,32,float16,17,128x64,103.785,7,27
g4.gate_up   tp1,2816,4224,32,float16,17,64x64,104.322,6,27
g4.gate_up   tp1,2816,4224,32,float16,17,32x32,107.836,6,27
g4.gate_up   tp1,2816,4224,32,float16,17,128x128,129.366,5,27
g4.gate_up   tp1,2816,4224,32,float16,17,256x64,138.150,5,27
g4.gate_up   tp1,2816,4224,32,float16,17,prefill_wmma,140.187,5,27
g4.gate_up   tp1,2816,4224,32,float16,17,256x128,140.453,5,27
g4.gate_up   tp1,2816,4224,32,float16,17,prefill_wmma_ashuffle,142.528,5,27
g4.gate_up   tp1,2816,4224,32,float16,17,96x128,150.230,4,27
g4.gate_up   tp1,2816,4224,32,float16,17,80x128,152.065,4,27
g4.gate_up   tp1,2816,4224,32,float16,17,32x64,152.961,4,27
g4.gate_up   tp1,2816,4224,32,float16,17,64x128,153.001,4,27
g4.gate_up   tp1,2816,4224,32,float16,17,192x128,154.435,4,27
g4.gate_up   tp1,2816,4224,32,float16,17,112x128,155.696,4,27
g4.gate_up   tp1,2816,4224,32,float16,17,256x32,173.407,4,27
g4.gate_up   tp1,2816,4224,32,float16,17,384x128,227.650,3,27
g4.gate_up   tp1,2816,4224,32,float16,17,512x128,256.805,2,27
g4.gate_up   tp1,2816,4224,32,float16,17,256x192,287.338,2,27
g4.gate_up   tp1,2816,4224,32,float16,17,256x256,305.193,2,27
g4.gate_up   tp1,2816,4224,32,float16,17,512x64,307.996,2,27
g4.gate_up   tp1,2816,4224,32,float16,17,prefill_wmma:smallm_off,309.639,2,27
g4.gate_up   tp1,2816,4224,32,float16,17,128x256,360.993,2,27
g4.gate_up   tp1,2816,4224,32,float16,17,16x64,448.682,2,27
g4.gate_up   tp1,2816,4224,32,float16,17,32x128,463.225,2,27
g4.gate_up   tp1,2816,4224,32,float16,17,16x128,666.420,2,27
g4.gate_up   tp1,2816,4224,32,float16,24,64x32,79.855,9,27
g4.gate_up   tp1,2816,4224,32,float16,24,128x32,91.513,7,27
g4.gate_up   tp1,2816,4224,32,float16,24,128x64,100.339,7,27
g4.gate_up   tp1,2816,4224,32,float16,24,64x64,105.846,6,27
g4.gate_up   tp1,2816,4224,32,float16,24,32x32,108.298,6,27
g4.gate_up   tp1,2816,4224,32,float16,24,128x128,130.082,5,27
g4.gate_up   tp1,2816,4224,32,float16,24,256x64,132.611,5,27
g4.gate_up   tp1,2816,4224,32,float16,24,256x128,138.387,5,27
g4.gate_up   tp1,2816,4224,32,float16,24,prefill_wmma,140.951,5,27
g4.gate_up   tp1,2816,4224,32,float16,24,prefill_wmma_ashuffle,142.758,5,27
g4.gate_up   tp1,2816,4224,32,float16,24,96x128,148.711,5,27
g4.gate_up   tp1,2816,4224,32,float16,24,192x128,152.580,4,27
g4.gate_up   tp1,2816,4224,32,float16,24,32x64,154.237,4,27
g4.gate_up   tp1,2816,4224,32,float16,24,64x128,155.672,4,27
g4.gate_up   tp1,2816,4224,32,float16,24,112x128,157.561,4,27
g4.gate_up   tp1,2816,4224,32,float16,24,80x128,159.046,4,27
g4.gate_up   tp1,2816,4224,32,float16,24,256x32,174.033,4,27
g4.gate_up   tp1,2816,4224,32,float16,24,384x128,228.365,3,27
g4.gate_up   tp1,2816,4224,32,float16,24,512x128,256.476,2,27
g4.gate_up   tp1,2816,4224,32,float16,24,256x192,300.927,2,27
g4.gate_up   tp1,2816,4224,32,float16,24,256x256,306.414,2,27
g4.gate_up   tp1,2816,4224,32,float16,24,prefill_wmma:smallm_off,309.430,2,27
g4.gate_up   tp1,2816,4224,32,float16,24,512x64,311.379,2,27
g4.gate_up   tp1,2816,4224,32,float16,24,128x256,366.419,2,27
g4.gate_up   tp1,2816,4224,32,float16,24,16x64,438.290,2,27
g4.gate_up   tp1,2816,4224,32,float16,24,32x128,454.289,2,27
g4.gate_up   tp1,2816,4224,32,float16,24,16x128,674.743,2,27
g4.gate_up   tp1,2816,4224,32,float16,32,64x32,79.949,9,27
g4.gate_up   tp1,2816,4224,32,float16,32,128x32,92.263,8,27
g4.gate_up   tp1,2816,4224,32,float16,32,128x64,101.844,7,27
g4.gate_up   tp1,2816,4224,32,float16,32,64x64,105.979,6,27
g4.gate_up   tp1,2816,4224,32,float16,32,32x32,115.831,6,27
g4.gate_up   tp1,2816,4224,32,float16,32,128x128,125.742,5,27
g4.gate_up   tp1,2816,4224,32,float16,32,256x64,137.047,5,27
g4.gate_up   tp1,2816,4224,32,float16,32,96x128,138.608,5,27
g4.gate_up   tp1,2816,4224,32,float16,32,256x128,139.900,5,27
g4.gate_up   tp1,2816,4224,32,float16,32,prefill_wmma_ashuffle,143.050,5,27
g4.gate_up   tp1,2816,4224,32,float16,32,prefill_wmma,149.035,4,27
g4.gate_up   tp1,2816,4224,32,float16,32,192x128,152.490,4,27
g4.gate_up   tp1,2816,4224,32,float16,32,112x128,153.217,4,27
g4.gate_up   tp1,2816,4224,32,float16,32,64x128,158.751,4,27
g4.gate_up   tp1,2816,4224,32,float16,32,80x128,159.279,4,27
g4.gate_up   tp1,2816,4224,32,float16,32,32x64,161.256,4,27
g4.gate_up   tp1,2816,4224,32,float16,32,256x32,174.317,4,27
g4.gate_up   tp1,2816,4224,32,float16,32,384x128,229.022,3,27
g4.gate_up   tp1,2816,4224,32,float16,32,512x128,257.306,2,27
g4.gate_up   tp1,2816,4224,32,float16,32,256x256,307.879,2,27
g4.gate_up   tp1,2816,4224,32,float16,32,512x64,309.270,2,27
g4.gate_up   tp1,2816,4224,32,float16,32,prefill_wmma:smallm_off,313.040,2,27
g4.gate_up   tp1,2816,4224,32,float16,32,256x192,321.054,2,27
g4.gate_up   tp1,2816,4224,32,float16,32,128x256,357.770,2,27
g4.gate_up   tp1,2816,4224,32,float16,32,32x128,462.961,2,27
g4.gate_up   tp1,2816,4224,32,float16,32,16x64,463.468,2,27
g4.gate_up   tp1,2816,4224,32,float16,32,16x128,698.286,2,27
g4.gate_up   tp1,2816,4224,32,float16,48,64x32,86.350,8,27
g4.gate_up   tp1,2816,4224,32,float16,48,128x64,92.916,8,27
g4.gate_up   tp1,2816,4224,32,float16,48,128x32,94.311,7,27
g4.gate_up   tp1,2816,4224,32,float16,48,64x64,113.106,6,27
g4.gate_up   tp1,2816,4224,32,float16,48,32x32,114.324,6,27
g4.gate_up   tp1,2816,4224,32,float16,48,128x128,121.687,6,27
g4.gate_up   tp1,2816,4224,32,float16,48,256x64,131.384,5,27
g4.gate_up   tp1,2816,4224,32,float16,48,256x128,138.264,5,27
g4.gate_up   tp1,2816,4224,32,float16,48,96x128,141.724,5,27
g4.gate_up   tp1,2816,4224,32,float16,48,112x128,144.925,5,27
g4.gate_up   tp1,2816,4224,32,float16,48,192x128,147.885,4,27
g4.gate_up   tp1,2816,4224,32,float16,48,prefill_wmma_ashuffle,150.341,4,27
g4.gate_up   tp1,2816,4224,32,float16,48,32x64,157.673,4,27
g4.gate_up   tp1,2816,4224,32,float16,48,64x128,163.643,4,27
g4.gate_up   tp1,2816,4224,32,float16,48,80x128,166.225,4,27
g4.gate_up   tp1,2816,4224,32,float16,48,256x32,172.579,4,27
g4.gate_up   tp1,2816,4224,32,float16,48,prefill_wmma,172.771,4,27
g4.gate_up   tp1,2816,4224,32,float16,48,384x128,229.749,3,27
g4.gate_up   tp1,2816,4224,32,float16,48,512x128,258.074,2,27
g4.gate_up   tp1,2816,4224,32,float16,48,256x192,284.445,2,27
g4.gate_up   tp1,2816,4224,32,float16,48,256x256,306.891,2,27
g4.gate_up   tp1,2816,4224,32,float16,48,512x64,309.236,2,27
g4.gate_up   tp1,2816,4224,32,float16,48,prefill_wmma:smallm_off,326.577,2,27
g4.gate_up   tp1,2816,4224,32,float16,48,128x256,355.738,2,27
g4.gate_up   tp1,2816,4224,32,float16,48,32x128,447.766,2,27
g4.gate_up   tp1,2816,4224,32,float16,48,16x64,465.021,2,27
g4.gate_up   tp1,2816,4224,32,float16,48,16x128,686.724,2,27
g4.gate_up   tp1,2816,4224,32,float16,63,64x32,93.095,7,27
g4.gate_up   tp1,2816,4224,32,float16,63,128x32,93.258,7,27
g4.gate_up   tp1,2816,4224,32,float16,63,128x64,93.359,7,27
g4.gate_up   tp1,2816,4224,32,float16,63,32x32,117.042,6,27
g4.gate_up   tp1,2816,4224,32,float16,63,64x64,120.295,6,27
g4.gate_up   tp1,2816,4224,32,float16,63,128x128,122.207,5,27
g4.gate_up   tp1,2816,4224,32,float16,63,256x64,133.497,5,27
g4.gate_up   tp1,2816,4224,32,float16,63,256x128,135.442,5,27
g4.gate_up   tp1,2816,4224,32,float16,63,192x128,146.143,4,27
g4.gate_up   tp1,2816,4224,32,float16,63,96x128,147.784,4,27
g4.gate_up   tp1,2816,4224,32,float16,63,112x128,149.160,4,27
g4.gate_up   tp1,2816,4224,32,float16,63,prefill_wmma_ashuffle,151.638,4,27
g4.gate_up   tp1,2816,4224,32,float16,63,32x64,164.035,4,27
g4.gate_up   tp1,2816,4224,32,float16,63,64x128,172.203,4,27
g4.gate_up   tp1,2816,4224,32,float16,63,256x32,175.875,4,27
g4.gate_up   tp1,2816,4224,32,float16,63,prefill_wmma,187.798,3,27
g4.gate_up   tp1,2816,4224,32,float16,63,256x192,223.695,3,27
g4.gate_up   tp1,2816,4224,32,float16,63,384x128,228.863,3,27
g4.gate_up   tp1,2816,4224,32,float16,63,512x128,257.322,2,27
g4.gate_up   tp1,2816,4224,32,float16,63,80x128,269.458,2,27
g4.gate_up   tp1,2816,4224,32,float16,63,512x64,306.851,2,27
g4.gate_up   tp1,2816,4224,32,float16,63,256x256,308.248,2,27
g4.gate_up   tp1,2816,4224,32,float16,63,prefill_wmma:smallm_off,337.956,2,27
g4.gate_up   tp1,2816,4224,32,float16,63,128x256,356.290,2,27
g4.gate_up   tp1,2816,4224,32,float16,63,32x128,462.604,2,27
g4.gate_up   tp1,2816,4224,32,float16,63,16x64,501.663,2,27
g4.gate_up   tp1,2816,4224,32,float16,63,16x128,693.082,2,27
g4.gate_up   tp1,2816,4224,32,float16,64,128x32,93.217,7,27
g4.gate_up   tp1,2816,4224,32,float16,64,64x32,93.339,7,27
g4.gate_up   tp1,2816,4224,32,float16,64,128x64,93.364,7,27
g4.gate_up   tp1,2816,4224,32,float16,64,32x32,117.274,6,27
g4.gate_up   tp1,2816,4224,32,float16,64,64x64,120.277,6,27
g4.gate_up   tp1,2816,4224,32,float16,64,128x128,121.865,6,27
g4.gate_up   tp1,2816,4224,32,float16,64,256x64,132.735,5,27
g4.gate_up   tp1,2816,4224,32,float16,64,256x128,136.232,5,27
g4.gate_up   tp1,2816,4224,32,float16,64,192x128,142.038,4,27
g4.gate_up   tp1,2816,4224,32,float16,64,96x128,148.093,4,27
g4.gate_up   tp1,2816,4224,32,float16,64,112x128,148.626,4,27
g4.gate_up   tp1,2816,4224,32,float16,64,prefill_wmma_ashuffle,157.363,4,27
g4.gate_up   tp1,2816,4224,32,float16,64,32x64,164.245,4,27
g4.gate_up   tp1,2816,4224,32,float16,64,64x128,172.257,4,27
g4.gate_up   tp1,2816,4224,32,float16,64,256x32,174.928,4,27
g4.gate_up   tp1,2816,4224,32,float16,64,prefill_wmma,186.144,3,27
g4.gate_up   tp1,2816,4224,32,float16,64,384x128,228.985,3,27
g4.gate_up   tp1,2816,4224,32,float16,64,256x192,231.384,3,27
g4.gate_up   tp1,2816,4224,32,float16,64,512x128,257.199,2,27
g4.gate_up   tp1,2816,4224,32,float16,64,80x128,268.603,2,27
g4.gate_up   tp1,2816,4224,32,float16,64,512x64,307.622,2,27
g4.gate_up   tp1,2816,4224,32,float16,64,256x256,312.642,2,27
g4.gate_up   tp1,2816,4224,32,float16,64,prefill_wmma:smallm_off,335.622,2,27
g4.gate_up   tp1,2816,4224,32,float16,64,128x256,348.450,2,27
g4.gate_up   tp1,2816,4224,32,float16,64,32x128,465.750,2,27
g4.gate_up   tp1,2816,4224,32,float16,64,16x64,473.150,2,27
g4.gate_up   tp1,2816,4224,32,float16,64,16x128,693.174,2,27
g4.gate_up   tp1,2816,4224,32,float16,96,128x64,99.308,7,27
g4.gate_up   tp1,2816,4224,32,float16,96,128x32,100.415,7,27
g4.gate_up   tp1,2816,4224,32,float16,96,64x32,106.780,6,27
g4.gate_up   tp1,2816,4224,32,float16,96,64x64,120.940,6,27
g4.gate_up   tp1,2816,4224,32,float16,96,32x32,124.048,5,27
g4.gate_up   tp1,2816,4224,32,float16,96,256x64,128.842,5,27
g4.gate_up   tp1,2816,4224,32,float16,96,128x128,129.094,5,27
g4.gate_up   tp1,2816,4224,32,float16,96,256x128,137.447,5,27
g4.gate_up   tp1,2816,4224,32,float16,96,192x128,141.705,5,27
g4.gate_up   tp1,2816,4224,32,float16,96,96x128,154.986,4,27
g4.gate_up   tp1,2816,4224,32,float16,96,112x128,156.169,4,27
g4.gate_up   tp1,2816,4224,32,float16,96,prefill_wmma_ashuffle,157.130,4,27
g4.gate_up   tp1,2816,4224,32,float16,96,32x64,166.030,4,27
g4.gate_up   tp1,2816,4224,32,float16,96,64x128,167.395,4,27
g4.gate_up   tp1,2816,4224,32,float16,96,prefill_wmma,178.414,4,27
g4.gate_up   tp1,2816,4224,32,float16,96,80x128,187.810,3,27
g4.gate_up   tp1,2816,4224,32,float16,96,256x32,188.155,3,27
g4.gate_up   tp1,2816,4224,32,float16,96,384x128,229.075,3,27
g4.gate_up   tp1,2816,4224,32,float16,96,512x128,257.854,2,27
g4.gate_up   tp1,2816,4224,32,float16,96,512x64,306.370,2,27
g4.gate_up   tp1,2816,4224,32,float16,96,256x256,315.808,2,27
g4.gate_up   tp1,2816,4224,32,float16,96,256x192,319.666,2,27
g4.gate_up   tp1,2816,4224,32,float16,96,128x256,346.881,2,27
g4.gate_up   tp1,2816,4224,32,float16,96,prefill_wmma:smallm_off,382.515,2,27
g4.gate_up   tp1,2816,4224,32,float16,96,32x128,494.137,2,27
g4.gate_up   tp1,2816,4224,32,float16,96,16x64,494.171,2,27
g4.gate_up   tp1,2816,4224,32,float16,96,16x128,703.626,2,27
g4.gate_up   tp1,2816,4224,32,float16,128,128x64,105.427,6,27
g4.gate_up   tp1,2816,4224,32,float16,128,64x32,106.747,6,27
g4.gate_up   tp1,2816,4224,32,float16,128,128x32,108.182,6,27
g4.gate_up   tp1,2816,4224,32,float16,128,64x64,124.665,5,27
g4.gate_up   tp1,2816,4224,32,float16,128,256x64,125.842,5,27
g4.gate_up   tp1,2816,4224,32,float16,128,256x128,131.608,5,27
g4.gate_up   tp1,2816,4224,32,float16,128,128x128,135.616,5,27
g4.gate_up   tp1,2816,4224,32,float16,128,32x32,137.834,5,27
g4.gate_up   tp1,2816,4224,32,float16,128,192x128,142.332,5,27
g4.gate_up   tp1,2816,4224,32,float16,128,96x128,155.114,4,27
g4.gate_up   tp1,2816,4224,32,float16,128,112x128,162.812,4,27
g4.gate_up   tp1,2816,4224,32,float16,128,prefill_wmma_ashuffle,166.927,4,27
g4.gate_up   tp1,2816,4224,32,float16,128,32x64,169.007,4,27
g4.gate_up   tp1,2816,4224,32,float16,128,64x128,184.641,3,27
g4.gate_up   tp1,2816,4224,32,float16,128,256x32,189.345,3,27
g4.gate_up   tp1,2816,4224,32,float16,128,80x128,201.099,3,27
g4.gate_up   tp1,2816,4224,32,float16,128,384x128,240.175,3,27
g4.gate_up   tp1,2816,4224,32,float16,128,512x128,258.102,2,27
g4.gate_up   tp1,2816,4224,32,float16,128,512x64,309.288,2,27
g4.gate_up   tp1,2816,4224,32,float16,128,256x256,314.518,2,27
g4.gate_up   tp1,2816,4224,32,float16,128,256x192,322.578,2,27
g4.gate_up   tp1,2816,4224,32,float16,128,128x256,347.062,2,27
g4.gate_up   tp1,2816,4224,32,float16,128,prefill_wmma:smallm_off,415.440,2,27
g4.gate_up   tp1,2816,4224,32,float16,128,prefill_wmma,417.979,2,27
g4.gate_up   tp1,2816,4224,32,float16,128,32x128,509.735,2,27
g4.gate_up   tp1,2816,4224,32,float16,128,16x64,510.345,2,27
g4.gate_up   tp1,2816,4224,32,float16,128,16x128,715.172,2,27
g4.gate_up   tp1,2816,4224,32,float16,192,128x64,129.892,5,27
g4.gate_up   tp1,2816,4224,32,float16,192,256x64,130.840,5,27
g4.gate_up   tp1,2816,4224,32,float16,192,256x128,137.227,5,27
g4.gate_up   tp1,2816,4224,32,float16,192,64x64,139.056,5,27
g4.gate_up   tp1,2816,4224,32,float16,192,128x128,146.761,4,27
g4.gate_up   tp1,2816,4224,32,float16,192,192x128,149.260,4,27
g4.gate_up   tp1,2816,4224,32,float16,192,96x128,162.502,4,27
g4.gate_up   tp1,2816,4224,32,float16,192,112x128,165.554,4,27
g4.gate_up   tp1,2816,4224,32,float16,192,64x32,172.541,4,27
g4.gate_up   tp1,2816,4224,32,float16,192,80x128,183.895,4,27
g4.gate_up   tp1,2816,4224,32,float16,192,32x64,190.025,3,27
g4.gate_up   tp1,2816,4224,32,float16,192,64x128,192.781,4,27
g4.gate_up   tp1,2816,4224,32,float16,192,128x32,196.053,3,27
g4.gate_up   tp1,2816,4224,32,float16,192,prefill_wmma_ashuffle,201.264,3,27
g4.gate_up   tp1,2816,4224,32,float16,192,256x32,202.158,3,27
g4.gate_up   tp1,2816,4224,32,float16,192,32x32,211.019,3,27
g4.gate_up   tp1,2816,4224,32,float16,192,384x128,244.501,3,27
g4.gate_up   tp1,2816,4224,32,float16,192,512x128,271.544,2,27
g4.gate_up   tp1,2816,4224,32,float16,192,256x256,325.269,2,27
g4.gate_up   tp1,2816,4224,32,float16,192,512x64,336.532,2,27
g4.gate_up   tp1,2816,4224,32,float16,192,128x256,339.368,2,27
g4.gate_up   tp1,2816,4224,32,float16,192,256x192,463.765,2,27
g4.gate_up   tp1,2816,4224,32,float16,192,32x128,524.520,2,27
g4.gate_up   tp1,2816,4224,32,float16,192,16x64,535.235,2,27
g4.gate_up   tp1,2816,4224,32,float16,192,prefill_wmma:smallm_off,564.216,2,27
g4.gate_up   tp1,2816,4224,32,float16,192,prefill_wmma,583.401,2,27
g4.gate_up   tp1,2816,4224,32,float16,192,16x128,725.549,2,27
g4.gate_up   tp1,2816,4224,32,float16,256,128x64,139.372,5,27
g4.gate_up   tp1,2816,4224,32,float16,256,256x128,142.489,5,27
g4.gate_up   tp1,2816,4224,32,float16,256,256x64,146.269,5,27
g4.gate_up   tp1,2816,4224,32,float16,256,128x128,156.725,4,27
g4.gate_up   tp1,2816,4224,32,float16,256,64x64,164.982,4,27
g4.gate_up   tp1,2816,4224,32,float16,256,96x128,183.544,4,27
g4.gate_up   tp1,2816,4224,32,float16,256,112x128,186.160,3,27
g4.gate_up   tp1,2816,4224,32,float16,256,128x32,216.135,3,27
g4.gate_up   tp1,2816,4224,32,float16,256,64x32,219.868,3,27
g4.gate_up   tp1,2816,4224,32,float16,256,256x32,223.093,3,27
g4.gate_up   tp1,2816,4224,32,float16,256,32x64,223.651,3,27
g4.gate_up   tp1,2816,4224,32,float16,256,prefill_wmma_ashuffle,238.907,3,27
g4.gate_up   tp1,2816,4224,32,float16,256,384x128,267.464,2,27
g4.gate_up   tp1,2816,4224,32,float16,256,32x32,274.860,2,27
g4.gate_up   tp1,2816,4224,32,float16,256,512x128,279.786,2,27
g4.gate_up   tp1,2816,4224,32,float16,256,192x128,287.384,2,27
g4.gate_up   tp1,2816,4224,32,float16,256,512x64,326.350,2,27
g4.gate_up   tp1,2816,4224,32,float16,256,256x256,340.548,2,27
g4.gate_up   tp1,2816,4224,32,float16,256,80x128,351.151,2,27
g4.gate_up   tp1,2816,4224,32,float16,256,128x256,352.810,2,27
g4.gate_up   tp1,2816,4224,32,float16,256,64x128,443.146,2,27
g4.gate_up   tp1,2816,4224,32,float16,256,256x192,476.969,2,27
g4.gate_up   tp1,2816,4224,32,float16,256,32x128,564.731,2,27
g4.gate_up   tp1,2816,4224,32,float16,256,prefill_wmma:smallm_off,606.347,2,27
g4.gate_up   tp1,2816,4224,32,float16,256,prefill_wmma,613.836,2,27
g4.gate_up   tp1,2816,4224,32,float16,256,16x128,744.779,2,27
g4.gate_up   tp1,2816,4224,32,float16,256,16x64,1042.154,2,27
g4.gate_up   tp1,2816,4224,32,float16,512,128x64,240.725,3,27
g4.gate_up   tp1,2816,4224,32,float16,512,256x64,253.106,2,27
g4.gate_up   tp1,2816,4224,32,float16,512,256x128,281.178,2,27
g4.gate_up   tp1,2816,4224,32,float16,512,64x64,287.812,2,27
g4.gate_up   tp1,2816,4224,32,float16,512,512x128,298.019,2,27
g4.gate_up   tp1,2816,4224,32,float16,512,192x128,300.230,2,27
g4.gate_up   tp1,2816,4224,32,float16,512,128x128,309.985,2,27
g4.gate_up   tp1,2816,4224,32,float16,512,128x32,315.864,2,27
g4.gate_up   tp1,2816,4224,32,float16,512,112x128,324.791,2,27
g4.gate_up   tp1,2816,4224,32,float16,512,256x32,327.289,2,27
g4.gate_up   tp1,2816,4224,32,float16,512,96x128,337.123,2,27
g4.gate_up   tp1,2816,4224,32,float16,512,64x32,349.571,2,27
g4.gate_up   tp1,2816,4224,32,float16,512,384x128,366.045,2,27
g4.gate_up   tp1,2816,4224,32,float16,512,512x64,376.480,2,27
g4.gate_up   tp1,2816,4224,32,float16,512,80x128,398.082,2,27
g4.gate_up   tp1,2816,4224,32,float16,512,prefill_wmma_ashuffle,409.410,2,27
g4.gate_up   tp1,2816,4224,32,float16,512,32x64,422.973,2,27
g4.gate_up   tp1,2816,4224,32,float16,512,32x32,439.622,2,27
g4.gate_up   tp1,2816,4224,32,float16,512,64x128,788.011,2,27
g4.gate_up   tp1,2816,4224,32,float16,512,prefill_wmma:smallm_off,822.014,2,27
g4.gate_up   tp1,2816,4224,32,float16,512,prefill_wmma,827.473,2,27
g4.gate_up   tp1,2816,4224,32,float16,512,256x256,834.448,2,27
g4.gate_up   tp1,2816,4224,32,float16,512,128x256,864.906,2,27
g4.gate_up   tp1,2816,4224,32,float16,512,256x192,931.781,2,27
g4.gate_up   tp1,2816,4224,32,float16,512,32x128,1297.142,2,27
g4.gate_up   tp1,2816,4224,32,float16,512,16x64,1625.743,2,27
g4.gate_up   tp1,2816,4224,32,float16,512,16x128,1698.536,2,27
g4.gate_up   tp1,2816,4224,32,float16,1024,256x128,396.387,2,27
g4.gate_up   tp1,2816,4224,32,float16,1024,128x64,420.651,2,27
g4.gate_up   tp1,2816,4224,32,float16,1024,256x64,425.549,2,27
g4.gate_up   tp1,2816,4224,32,float16,1024,512x128,443.138,2,27
g4.gate_up   tp1,2816,4224,32,float16,1024,128x128,454.850,2,27
g4.gate_up   tp1,2816,4224,32,float16,1024,384x128,513.439,2,27
g4.gate_up   tp1,2816,4224,32,float16,1024,64x64,517.557,2,27
g4.gate_up   tp1,2816,4224,32,float16,1024,96x128,532.465,2,27
g4.gate_up   tp1,2816,4224,32,float16,1024,112x128,538.986,2,27
g4.gate_up   tp1,2816,4224,32,float16,1024,256x32,552.554,2,27
g4.gate_up   tp1,2816,4224,32,float16,1024,128x32,556.441,2,27
g4.gate_up   tp1,2816,4224,32,float16,1024,192x128,562.320,2,27
g4.gate_up   tp1,2816,4224,32,float16,1024,64x32,591.823,2,27
g4.gate_up   tp1,2816,4224,32,float16,1024,512x64,616.395,2,27
g4.gate_up   tp1,2816,4224,32,float16,1024,prefill_wmma_ashuffle,633.847,2,27
g4.gate_up   tp1,2816,4224,32,float16,1024,32x64,735.499,2,27
g4.gate_up   tp1,2816,4224,32,float16,1024,32x32,767.248,2,27
g4.gate_up   tp1,2816,4224,32,float16,1024,80x128,1020.022,2,27
g4.gate_up   tp1,2816,4224,32,float16,1024,64x128,1313.277,2,27
g4.gate_up   tp1,2816,4224,32,float16,1024,256x256,1318.915,2,27
g4.gate_up   tp1,2816,4224,32,float16,1024,prefill_wmma:smallm_off,1384.415,2,27
g4.gate_up   tp1,2816,4224,32,float16,1024,prefill_wmma,1392.717,2,27
g4.gate_up   tp1,2816,4224,32,float16,1024,128x256,1403.335,2,27
g4.gate_up   tp1,2816,4224,32,float16,1024,256x192,1688.449,2,27
g4.gate_up   tp1,2816,4224,32,float16,1024,32x128,1946.619,2,27
g4.gate_up   tp1,2816,4224,32,float16,1024,16x64,2178.048,2,27
g4.gate_up   tp1,2816,4224,32,float16,1024,16x128,3088.793,2,27
g4.gate_up   tp1,2816,4224,32,float16,2048,256x128,698.695,2,27
g4.gate_up   tp1,2816,4224,32,float16,2048,512x128,753.385,2,27
g4.gate_up   tp1,2816,4224,32,float16,2048,128x128,802.233,2,27
g4.gate_up   tp1,2816,4224,32,float16,2048,256x64,812.050,2,27
g4.gate_up   tp1,2816,4224,32,float16,2048,128x64,817.480,2,27
g4.gate_up   tp1,2816,4224,32,float16,2048,384x128,870.516,2,27
g4.gate_up   tp1,2816,4224,32,float16,2048,192x128,930.845,2,27
g4.gate_up   tp1,2816,4224,32,float16,2048,64x64,998.947,2,27
g4.gate_up   tp1,2816,4224,32,float16,2048,112x128,1023.784,2,27
g4.gate_up   tp1,2816,4224,32,float16,2048,96x128,1060.626,2,27
g4.gate_up   tp1,2816,4224,32,float16,2048,256x32,1068.712,2,27
g4.gate_up   tp1,2816,4224,32,float16,2048,128x32,1092.546,2,27
g4.gate_up   tp1,2816,4224,32,float16,2048,prefill_wmma_ashuffle,1131.247,2,27
g4.gate_up   tp1,2816,4224,32,float16,2048,64x32,1178.454,2,27
g4.gate_up   tp1,2816,4224,32,float16,2048,512x64,1245.596,2,27
g4.gate_up   tp1,2816,4224,32,float16,2048,32x64,1583.292,2,27
g4.gate_up   tp1,2816,4224,32,float16,2048,32x32,1586.166,2,27
g4.gate_up   tp1,2816,4224,32,float16,2048,64x128,1784.067,2,27
g4.gate_up   tp1,2816,4224,32,float16,2048,80x128,1865.696,2,27
g4.gate_up   tp1,2816,4224,32,float16,2048,256x256,1914.403,2,27
g4.gate_up   tp1,2816,4224,32,float16,2048,128x256,2063.212,2,27
g4.gate_up   tp1,2816,4224,32,float16,2048,prefill_wmma:smallm_off,2509.437,2,27
g4.gate_up   tp1,2816,4224,32,float16,2048,prefill_wmma,2511.507,2,27
g4.gate_up   tp1,2816,4224,32,float16,2048,32x128,2536.772,2,27
g4.gate_up   tp1,2816,4224,32,float16,2048,256x192,3153.641,2,27
g4.gate_up   tp1,2816,4224,32,float16,2048,16x64,3265.780,2,27
g4.gate_up   tp1,2816,4224,32,float16,2048,16x128,5873.667,2,27
q35.q_proj   tp1,2048,4096,32,bfloat16,1,64x32,60.508,9,36
q35.q_proj   tp1,2048,4096,32,bfloat16,1,128x32,65.041,8,36
q35.q_proj   tp1,2048,4096,32,bfloat16,1,128x64,65.760,8,36
q35.q_proj   tp1,2048,4096,32,bfloat16,1,256x64,77.127,7,36
q35.q_proj   tp1,2048,4096,32,bfloat16,1,256x128,78.932,6,36
q35.q_proj   tp1,2048,4096,32,bfloat16,1,32x32,79.397,6,36
q35.q_proj   tp1,2048,4096,32,bfloat16,1,64x64,81.898,6,36
q35.q_proj   tp1,2048,4096,32,bfloat16,1,256x32,82.429,6,36
q35.q_proj   tp1,2048,4096,32,bfloat16,1,384x128,87.386,5,36
q35.q_proj   tp1,2048,4096,32,bfloat16,1,128x128,91.255,6,36
q35.q_proj   tp1,2048,4096,32,bfloat16,1,192x128,97.189,5,36
q35.q_proj   tp1,2048,4096,32,bfloat16,1,512x128,97.354,5,36
q35.q_proj   tp1,2048,4096,32,bfloat16,1,96x128,110.714,5,36
q35.q_proj   tp1,2048,4096,32,bfloat16,1,112x128,112.114,4,36
q35.q_proj   tp1,2048,4096,32,bfloat16,1,prefill_wmma_ashuffle,116.970,4,36
q35.q_proj   tp1,2048,4096,32,bfloat16,1,prefill_wmma,139.877,4,36
q35.q_proj   tp1,2048,4096,32,bfloat16,1,prefill_wmma:smallm_off,196.201,3,36
q35.q_proj   tp1,2048,4096,32,bfloat16,1,256x192,209.996,2,36
q35.q_proj   tp1,2048,4096,32,bfloat16,1,64x128,215.543,2,36
q35.q_proj   tp1,2048,4096,32,bfloat16,1,80x128,220.508,2,36
q35.q_proj   tp1,2048,4096,32,bfloat16,1,32x64,224.230,2,36
q35.q_proj   tp1,2048,4096,32,bfloat16,1,512x64,227.948,2,36
q35.q_proj   tp1,2048,4096,32,bfloat16,1,256x256,297.964,2,36
q35.q_proj   tp1,2048,4096,32,bfloat16,1,128x256,361.300,2,36
q35.q_proj   tp1,2048,4096,32,bfloat16,1,16x64,362.661,2,36
q35.q_proj   tp1,2048,4096,32,bfloat16,1,32x128,390.070,2,36
q35.q_proj   tp1,2048,4096,32,bfloat16,1,16x128,559.614,2,36
q35.q_proj   tp1,2048,4096,32,bfloat16,8,64x32,60.707,8,36
q35.q_proj   tp1,2048,4096,32,bfloat16,8,128x32,65.649,8,36
q35.q_proj   tp1,2048,4096,32,bfloat16,8,128x64,67.234,8,36
q35.q_proj   tp1,2048,4096,32,bfloat16,8,256x64,78.193,7,36
q35.q_proj   tp1,2048,4096,32,bfloat16,8,32x32,79.369,6,36
q35.q_proj   tp1,2048,4096,32,bfloat16,8,256x128,81.360,6,36
q35.q_proj   tp1,2048,4096,32,bfloat16,8,64x64,82.515,6,36
q35.q_proj   tp1,2048,4096,32,bfloat16,8,256x32,89.957,5,36
q35.q_proj   tp1,2048,4096,32,bfloat16,8,384x128,90.054,6,36
q35.q_proj   tp1,2048,4096,32,bfloat16,8,128x128,93.293,5,36
q35.q_proj   tp1,2048,4096,32,bfloat16,8,192x128,99.524,5,36
q35.q_proj   tp1,2048,4096,32,bfloat16,8,512x128,99.912,5,36
q35.q_proj   tp1,2048,4096,32,bfloat16,8,96x128,108.915,5,36
q35.q_proj   tp1,2048,4096,32,bfloat16,8,112x128,110.051,4,36
q35.q_proj   tp1,2048,4096,32,bfloat16,8,prefill_wmma_ashuffle,110.493,5,36
q35.q_proj   tp1,2048,4096,32,bfloat16,8,prefill_wmma,117.728,4,36
q35.q_proj   tp1,2048,4096,32,bfloat16,8,prefill_wmma:smallm_off,191.490,3,36
q35.q_proj   tp1,2048,4096,32,bfloat16,8,64x128,198.703,2,36
q35.q_proj   tp1,2048,4096,32,bfloat16,8,32x64,201.688,2,36
q35.q_proj   tp1,2048,4096,32,bfloat16,8,80x128,202.134,2,36
q35.q_proj   tp1,2048,4096,32,bfloat16,8,256x192,206.170,2,36
q35.q_proj   tp1,2048,4096,32,bfloat16,8,512x64,222.476,2,36
q35.q_proj   tp1,2048,4096,32,bfloat16,8,256x256,301.110,2,36
q35.q_proj   tp1,2048,4096,32,bfloat16,8,32x128,335.330,2,36
q35.q_proj   tp1,2048,4096,32,bfloat16,8,16x64,353.419,2,36
q35.q_proj   tp1,2048,4096,32,bfloat16,8,128x256,362.776,2,36
q35.q_proj   tp1,2048,4096,32,bfloat16,8,16x128,507.160,2,36
q35.q_proj   tp1,2048,4096,32,bfloat16,17,64x32,65.255,8,36
q35.q_proj   tp1,2048,4096,32,bfloat16,17,128x32,65.805,8,36
q35.q_proj   tp1,2048,4096,32,bfloat16,17,128x64,66.894,8,36
q35.q_proj   tp1,2048,4096,32,bfloat16,17,256x64,78.081,7,36
q35.q_proj   tp1,2048,4096,32,bfloat16,17,256x128,81.060,6,36
q35.q_proj   tp1,2048,4096,32,bfloat16,17,64x64,87.267,6,36
q35.q_proj   tp1,2048,4096,32,bfloat16,17,32x32,89.601,6,36
q35.q_proj   tp1,2048,4096,32,bfloat16,17,384x128,89.815,6,36
q35.q_proj   tp1,2048,4096,32,bfloat16,17,256x32,91.042,6,36
q35.q_proj   tp1,2048,4096,32,bfloat16,17,128x128,93.297,5,36
q35.q_proj   tp1,2048,4096,32,bfloat16,17,192x128,99.212,5,36
q35.q_proj   tp1,2048,4096,32,bfloat16,17,512x128,99.641,5,36
q35.q_proj   tp1,2048,4096,32,bfloat16,17,96x128,112.256,4,36
q35.q_proj   tp1,2048,4096,32,bfloat16,17,112x128,113.823,4,36
q35.q_proj   tp1,2048,4096,32,bfloat16,17,prefill_wmma_ashuffle,125.803,4,36
q35.q_proj   tp1,2048,4096,32,bfloat16,17,prefill_wmma,137.559,4,36
q35.q_proj   tp1,2048,4096,32,bfloat16,17,prefill_wmma:smallm_off,189.084,2,36
q35.q_proj   tp1,2048,4096,32,bfloat16,17,256x192,208.472,2,36
q35.q_proj   tp1,2048,4096,32,bfloat16,17,80x128,226.478,2,36
q35.q_proj   tp1,2048,4096,32,bfloat16,17,32x64,226.999,2,36
q35.q_proj   tp1,2048,4096,32,bfloat16,17,512x64,228.434,2,36
q35.q_proj   tp1,2048,4096,32,bfloat16,17,64x128,239.860,2,36
q35.q_proj   tp1,2048,4096,32,bfloat16,17,256x256,271.010,2,36
q35.q_proj   tp1,2048,4096,32,bfloat16,17,16x64,332.162,2,36
q35.q_proj   tp1,2048,4096,32,bfloat16,17,32x128,358.978,2,36
q35.q_proj   tp1,2048,4096,32,bfloat16,17,128x256,360.089,2,36
q35.q_proj   tp1,2048,4096,32,bfloat16,17,16x128,492.519,2,36
q35.q_proj   tp1,2048,4096,32,bfloat16,24,64x32,65.820,8,36
q35.q_proj   tp1,2048,4096,32,bfloat16,24,128x32,65.920,8,36
q35.q_proj   tp1,2048,4096,32,bfloat16,24,128x64,67.083,8,36
q35.q_proj   tp1,2048,4096,32,bfloat16,24,256x64,78.273,7,36
q35.q_proj   tp1,2048,4096,32,bfloat16,24,256x128,80.953,6,36
q35.q_proj   tp1,2048,4096,32,bfloat16,24,64x64,88.111,6,36
q35.q_proj   tp1,2048,4096,32,bfloat16,24,384x128,89.754,6,36
q35.q_proj   tp1,2048,4096,32,bfloat16,24,32x32,90.022,6,36
q35.q_proj   tp1,2048,4096,32,bfloat16,24,256x32,91.982,5,36
q35.q_proj   tp1,2048,4096,32,bfloat16,24,128x128,93.032,5,36
q35.q_proj   tp1,2048,4096,32,bfloat16,24,192x128,98.851,5,36
q35.q_proj   tp1,2048,4096,32,bfloat16,24,512x128,99.578,5,36
q35.q_proj   tp1,2048,4096,32,bfloat16,24,96x128,112.676,4,36
q35.q_proj   tp1,2048,4096,32,bfloat16,24,112x128,114.155,4,36
q35.q_proj   tp1,2048,4096,32,bfloat16,24,prefill_wmma_ashuffle,123.764,4,36
q35.q_proj   tp1,2048,4096,32,bfloat16,24,prefill_wmma,138.791,3,36
q35.q_proj   tp1,2048,4096,32,bfloat16,24,prefill_wmma:smallm_off,193.753,2,36
q35.q_proj   tp1,2048,4096,32,bfloat16,24,256x192,209.552,2,36
q35.q_proj   tp1,2048,4096,32,bfloat16,24,32x64,227.299,2,36
q35.q_proj   tp1,2048,4096,32,bfloat16,24,64x128,227.805,2,36
q35.q_proj   tp1,2048,4096,32,bfloat16,24,512x64,229.805,2,36
q35.q_proj   tp1,2048,4096,32,bfloat16,24,80x128,302.905,2,36
q35.q_proj   tp1,2048,4096,32,bfloat16,24,256x256,306.857,2,36
q35.q_proj   tp1,2048,4096,32,bfloat16,24,16x64,348.363,2,36
q35.q_proj   tp1,2048,4096,32,bfloat16,24,32x128,354.095,2,36
q35.q_proj   tp1,2048,4096,32,bfloat16,24,128x256,359.540,2,36
q35.q_proj   tp1,2048,4096,32,bfloat16,24,16x128,515.050,2,36
q35.q_proj   tp1,2048,4096,32,bfloat16,32,128x32,66.044,8,36
q35.q_proj   tp1,2048,4096,32,bfloat16,32,64x32,66.305,8,36
q35.q_proj   tp1,2048,4096,32,bfloat16,32,128x64,67.180,8,36
q35.q_proj   tp1,2048,4096,32,bfloat16,32,256x64,78.453,7,36
q35.q_proj   tp1,2048,4096,32,bfloat16,32,256x128,80.989,6,36
q35.q_proj   tp1,2048,4096,32,bfloat16,32,64x64,88.351,6,36
q35.q_proj   tp1,2048,4096,32,bfloat16,32,384x128,89.457,6,36
q35.q_proj   tp1,2048,4096,32,bfloat16,32,256x32,92.983,5,36
q35.q_proj   tp1,2048,4096,32,bfloat16,32,128x128,93.475,5,36
q35.q_proj   tp1,2048,4096,32,bfloat16,32,32x32,95.724,5,36
q35.q_proj   tp1,2048,4096,32,bfloat16,32,192x128,98.771,5,36
q35.q_proj   tp1,2048,4096,32,bfloat16,32,512x128,99.722,5,36
q35.q_proj   tp1,2048,4096,32,bfloat16,32,96x128,117.947,4,36
q35.q_proj   tp1,2048,4096,32,bfloat16,32,112x128,118.613,4,36
q35.q_proj   tp1,2048,4096,32,bfloat16,32,prefill_wmma_ashuffle,119.507,4,36
q35.q_proj   tp1,2048,4096,32,bfloat16,32,prefill_wmma,159.804,3,36
q35.q_proj   tp1,2048,4096,32,bfloat16,32,prefill_wmma:smallm_off,198.343,2,36
q35.q_proj   tp1,2048,4096,32,bfloat16,32,256x192,205.658,2,36
q35.q_proj   tp1,2048,4096,32,bfloat16,32,64x128,227.226,2,36
q35.q_proj   tp1,2048,4096,32,bfloat16,32,512x64,229.728,2,36
q35.q_proj   tp1,2048,4096,32,bfloat16,32,32x64,232.094,2,36
q35.q_proj   tp1,2048,4096,32,bfloat16,32,80x128,297.082,2,36
q35.q_proj   tp1,2048,4096,32,bfloat16,32,256x256,304.999,2,36
q35.q_proj   tp1,2048,4096,32,bfloat16,32,128x256,357.482,2,36
q35.q_proj   tp1,2048,4096,32,bfloat16,32,16x64,362.158,2,36
q35.q_proj   tp1,2048,4096,32,bfloat16,32,32x128,365.939,2,36
q35.q_proj   tp1,2048,4096,32,bfloat16,32,16x128,516.647,2,36
q35.q_proj   tp1,2048,4096,32,bfloat16,48,128x32,71.105,7,36
q35.q_proj   tp1,2048,4096,32,bfloat16,48,128x64,71.448,7,36
q35.q_proj   tp1,2048,4096,32,bfloat16,48,64x32,71.952,7,36
q35.q_proj   tp1,2048,4096,32,bfloat16,48,256x64,78.554,7,36
q35.q_proj   tp1,2048,4096,32,bfloat16,48,256x128,80.932,6,36
q35.q_proj   tp1,2048,4096,32,bfloat16,48,384x128,89.620,6,36
q35.q_proj   tp1,2048,4096,32,bfloat16,48,256x32,93.336,5,36
q35.q_proj   tp1,2048,4096,32,bfloat16,48,64x64,94.056,5,36
q35.q_proj   tp1,2048,4096,32,bfloat16,48,128x128,98.205,5,36
q35.q_proj   tp1,2048,4096,32,bfloat16,48,192x128,99.222,5,36
q35.q_proj   tp1,2048,4096,32,bfloat16,48,512x128,99.721,5,36
q35.q_proj   tp1,2048,4096,32,bfloat16,48,112x128,120.573,4,36
q35.q_proj   tp1,2048,4096,32,bfloat16,48,32x32,121.093,4,36
q35.q_proj   tp1,2048,4096,32,bfloat16,48,96x128,125.337,4,36
q35.q_proj   tp1,2048,4096,32,bfloat16,48,prefill_wmma_ashuffle,130.306,4,36
q35.q_proj   tp1,2048,4096,32,bfloat16,48,32x64,155.798,3,36
q35.q_proj   tp1,2048,4096,32,bfloat16,48,prefill_wmma,197.225,2,36
q35.q_proj   tp1,2048,4096,32,bfloat16,48,256x192,204.179,2,36
q35.q_proj   tp1,2048,4096,32,bfloat16,48,prefill_wmma:smallm_off,205.904,2,36
q35.q_proj   tp1,2048,4096,32,bfloat16,48,512x64,229.147,2,36
q35.q_proj   tp1,2048,4096,32,bfloat16,48,256x256,260.491,2,36
q35.q_proj   tp1,2048,4096,32,bfloat16,48,64x128,287.433,2,36
q35.q_proj   tp1,2048,4096,32,bfloat16,48,80x128,314.402,2,36
q35.q_proj   tp1,2048,4096,32,bfloat16,48,32x128,339.558,2,36
q35.q_proj   tp1,2048,4096,32,bfloat16,48,128x256,346.776,2,36
q35.q_proj   tp1,2048,4096,32,bfloat16,48,16x64,368.081,2,36
q35.q_proj   tp1,2048,4096,32,bfloat16,48,16x128,528.019,2,36
q35.q_proj   tp1,2048,4096,32,bfloat16,63,128x32,71.320,7,36
q35.q_proj   tp1,2048,4096,32,bfloat16,63,128x64,72.100,7,36
q35.q_proj   tp1,2048,4096,32,bfloat16,63,64x32,76.581,7,36
q35.q_proj   tp1,2048,4096,32,bfloat16,63,256x64,78.559,6,36
q35.q_proj   tp1,2048,4096,32,bfloat16,63,256x128,81.639,6,36
q35.q_proj   tp1,2048,4096,32,bfloat16,63,384x128,90.181,6,36
q35.q_proj   tp1,2048,4096,32,bfloat16,63,256x32,96.202,5,36
q35.q_proj   tp1,2048,4096,32,bfloat16,63,32x32,96.859,5,36
q35.q_proj   tp1,2048,4096,32,bfloat16,63,64x64,99.384,5,36
q35.q_proj   tp1,2048,4096,32,bfloat16,63,128x128,99.563,5,36
q35.q_proj   tp1,2048,4096,32,bfloat16,63,512x128,100.286,5,36
q35.q_proj   tp1,2048,4096,32,bfloat16,63,192x128,104.819,5,36
q35.q_proj   tp1,2048,4096,32,bfloat16,63,prefill_wmma_ashuffle,137.123,4,36
q35.q_proj   tp1,2048,4096,32,bfloat16,63,256x192,207.285,2,36
q35.q_proj   tp1,2048,4096,32,bfloat16,63,prefill_wmma,207.818,2,36
q35.q_proj   tp1,2048,4096,32,bfloat16,63,prefill_wmma:smallm_off,210.130,2,36
q35.q_proj   tp1,2048,4096,32,bfloat16,63,512x64,230.179,2,36
q35.q_proj   tp1,2048,4096,32,bfloat16,63,96x128,230.892,2,36
q35.q_proj   tp1,2048,4096,32,bfloat16,63,112x128,231.337,2,36
q35.q_proj   tp1,2048,4096,32,bfloat16,63,256x256,255.089,2,36
q35.q_proj   tp1,2048,4096,32,bfloat16,63,32x64,292.872,2,36
q35.q_proj   tp1,2048,4096,32,bfloat16,63,64x128,300.041,2,36
q35.q_proj   tp1,2048,4096,32,bfloat16,63,80x128,320.916,2,36
q35.q_proj   tp1,2048,4096,32,bfloat16,63,128x256,365.592,2,36
q35.q_proj   tp1,2048,4096,32,bfloat16,63,16x64,374.433,2,36
q35.q_proj   tp1,2048,4096,32,bfloat16,63,32x128,375.112,2,36
q35.q_proj   tp1,2048,4096,32,bfloat16,63,16x128,544.207,2,36
q35.q_proj   tp1,2048,4096,32,bfloat16,64,128x32,71.300,7,36
q35.q_proj   tp1,2048,4096,32,bfloat16,64,128x64,71.818,7,36
q35.q_proj   tp1,2048,4096,32,bfloat16,64,64x32,77.113,7,36
q35.q_proj   tp1,2048,4096,32,bfloat16,64,256x64,78.593,7,36
q35.q_proj   tp1,2048,4096,32,bfloat16,64,256x128,81.446,6,36
q35.q_proj   tp1,2048,4096,32,bfloat16,64,384x128,90.040,6,36
q35.q_proj   tp1,2048,4096,32,bfloat16,64,32x32,96.824,5,36
q35.q_proj   tp1,2048,4096,32,bfloat16,64,128x128,99.066,5,36
q35.q_proj   tp1,2048,4096,32,bfloat16,64,64x64,99.269,5,36
q35.q_proj   tp1,2048,4096,32,bfloat16,64,512x128,100.100,5,36
q35.q_proj   tp1,2048,4096,32,bfloat16,64,256x32,102.487,5,36
q35.q_proj   tp1,2048,4096,32,bfloat16,64,192x128,104.573,5,36
q35.q_proj   tp1,2048,4096,32,bfloat16,64,prefill_wmma_ashuffle,135.848,4,36
q35.q_proj   tp1,2048,4096,32,bfloat16,64,prefill_wmma,207.389,2,36
q35.q_proj   tp1,2048,4096,32,bfloat16,64,256x192,210.409,2,36
q35.q_proj   tp1,2048,4096,32,bfloat16,64,prefill_wmma:smallm_off,217.108,2,36
q35.q_proj   tp1,2048,4096,32,bfloat16,64,512x64,229.071,2,36
q35.q_proj   tp1,2048,4096,32,bfloat16,64,96x128,230.804,2,36
q35.q_proj   tp1,2048,4096,32,bfloat16,64,112x128,231.551,2,36
q35.q_proj   tp1,2048,4096,32,bfloat16,64,256x256,259.431,2,36
q35.q_proj   tp1,2048,4096,32,bfloat16,64,32x64,311.397,2,36
q35.q_proj   tp1,2048,4096,32,bfloat16,64,64x128,322.384,2,36
q35.q_proj   tp1,2048,4096,32,bfloat16,64,80x128,328.224,2,36
q35.q_proj   tp1,2048,4096,32,bfloat16,64,128x256,363.428,2,36
q35.q_proj   tp1,2048,4096,32,bfloat16,64,32x128,376.097,2,36
q35.q_proj   tp1,2048,4096,32,bfloat16,64,16x64,376.494,2,36
q35.q_proj   tp1,2048,4096,32,bfloat16,64,16x128,550.966,2,36
q35.q_proj   tp1,2048,4096,32,bfloat16,96,128x32,77.557,7,36
q35.q_proj   tp1,2048,4096,32,bfloat16,96,128x64,77.974,7,36
q35.q_proj   tp1,2048,4096,32,bfloat16,96,256x64,83.936,6,36
q35.q_proj   tp1,2048,4096,32,bfloat16,96,64x32,84.011,6,36
q35.q_proj   tp1,2048,4096,32,bfloat16,96,256x128,86.912,6,36
q35.q_proj   tp1,2048,4096,32,bfloat16,96,384x128,90.455,5,36
q35.q_proj   tp1,2048,4096,32,bfloat16,96,64x64,97.189,5,36
q35.q_proj   tp1,2048,4096,32,bfloat16,96,32x32,99.312,5,36
q35.q_proj   tp1,2048,4096,32,bfloat16,96,512x128,100.352,5,36
q35.q_proj   tp1,2048,4096,32,bfloat16,96,192x128,104.598,5,36
q35.q_proj   tp1,2048,4096,32,bfloat16,96,128x128,104.988,5,36
q35.q_proj   tp1,2048,4096,32,bfloat16,96,256x32,112.274,4,36
q35.q_proj   tp1,2048,4096,32,bfloat16,96,prefill_wmma_ashuffle,133.185,4,36
q35.q_proj   tp1,2048,4096,32,bfloat16,96,prefill_wmma,146.842,3,36
q35.q_proj   tp1,2048,4096,32,bfloat16,96,80x128,160.574,3,36
q35.q_proj   tp1,2048,4096,32,bfloat16,96,256x192,221.336,2,36
q35.q_proj   tp1,2048,4096,32,bfloat16,96,prefill_wmma:smallm_off,223.136,2,36
q35.q_proj   tp1,2048,4096,32,bfloat16,96,512x64,229.127,2,36
q35.q_proj   tp1,2048,4096,32,bfloat16,96,96x128,233.435,2,36
q35.q_proj   tp1,2048,4096,32,bfloat16,96,112x128,239.269,2,36
q35.q_proj   tp1,2048,4096,32,bfloat16,96,256x256,260.115,2,36
q35.q_proj   tp1,2048,4096,32,bfloat16,96,64x128,305.200,2,36
q35.q_proj   tp1,2048,4096,32,bfloat16,96,32x64,337.444,2,36
q35.q_proj   tp1,2048,4096,32,bfloat16,96,32x128,404.481,2,36
q35.q_proj   tp1,2048,4096,32,bfloat16,96,128x256,406.230,2,36
q35.q_proj   tp1,2048,4096,32,bfloat16,96,16x64,406.429,2,36
q35.q_proj   tp1,2048,4096,32,bfloat16,96,16x128,568.650,2,36
q35.q_proj   tp1,2048,4096,32,bfloat16,128,128x32,82.429,6,36
q35.q_proj   tp1,2048,4096,32,bfloat16,128,64x32,83.391,6,36
q35.q_proj   tp1,2048,4096,32,bfloat16,128,128x64,84.085,6,36
q35.q_proj   tp1,2048,4096,32,bfloat16,128,256x64,84.305,6,36
q35.q_proj   tp1,2048,4096,32,bfloat16,128,256x128,87.244,6,36
q35.q_proj   tp1,2048,4096,32,bfloat16,128,384x128,95.592,5,36
q35.q_proj   tp1,2048,4096,32,bfloat16,128,512x128,100.455,5,36
q35.q_proj   tp1,2048,4096,32,bfloat16,128,64x64,102.207,5,36
q35.q_proj   tp1,2048,4096,32,bfloat16,128,256x32,102.730,5,36
q35.q_proj   tp1,2048,4096,32,bfloat16,128,192x128,110.536,4,36
q35.q_proj   tp1,2048,4096,32,bfloat16,128,128x128,110.906,4,36
q35.q_proj   tp1,2048,4096,32,bfloat16,128,32x32,113.553,5,36
q35.q_proj   tp1,2048,4096,32,bfloat16,128,96x128,125.887,4,36
q35.q_proj   tp1,2048,4096,32,bfloat16,128,prefill_wmma_ashuffle,135.312,4,36
q35.q_proj   tp1,2048,4096,32,bfloat16,128,112x128,140.895,4,36
q35.q_proj   tp1,2048,4096,32,bfloat16,128,256x192,218.916,2,36
q35.q_proj   tp1,2048,4096,32,bfloat16,128,prefill_wmma,229.370,2,36
q35.q_proj   tp1,2048,4096,32,bfloat16,128,prefill_wmma:smallm_off,229.874,2,36
q35.q_proj   tp1,2048,4096,32,bfloat16,128,512x64,230.951,2,36
q35.q_proj   tp1,2048,4096,32,bfloat16,128,256x256,259.537,2,36
q35.q_proj   tp1,2048,4096,32,bfloat16,128,80x128,334.489,2,36
q35.q_proj   tp1,2048,4096,32,bfloat16,128,32x64,340.803,2,36
q35.q_proj   tp1,2048,4096,32,bfloat16,128,64x128,344.638,2,36
q35.q_proj   tp1,2048,4096,32,bfloat16,128,128x256,408.846,2,36
q35.q_proj   tp1,2048,4096,32,bfloat16,128,16x64,409.363,2,36
q35.q_proj   tp1,2048,4096,32,bfloat16,128,32x128,412.280,2,36
q35.q_proj   tp1,2048,4096,32,bfloat16,128,16x128,567.981,2,36
q35.q_proj   tp1,2048,4096,32,bfloat16,192,256x64,90.842,5,36
q35.q_proj   tp1,2048,4096,32,bfloat16,192,128x64,92.833,5,36
q35.q_proj   tp1,2048,4096,32,bfloat16,192,256x128,94.116,5,36
q35.q_proj   tp1,2048,4096,32,bfloat16,192,384x128,97.517,5,36
q35.q_proj   tp1,2048,4096,32,bfloat16,192,256x32,98.155,5,36
q35.q_proj   tp1,2048,4096,32,bfloat16,192,128x32,103.402,5,36
q35.q_proj   tp1,2048,4096,32,bfloat16,192,512x128,107.208,5,36
q35.q_proj   tp1,2048,4096,32,bfloat16,192,64x64,108.720,5,36
q35.q_proj   tp1,2048,4096,32,bfloat16,192,128x128,110.556,4,36
q35.q_proj   tp1,2048,4096,32,bfloat16,192,192x128,117.647,4,36
q35.q_proj   tp1,2048,4096,32,bfloat16,192,64x32,133.808,4,36
q35.q_proj   tp1,2048,4096,32,bfloat16,192,32x32,136.064,3,36
q35.q_proj   tp1,2048,4096,32,bfloat16,192,prefill_wmma_ashuffle,159.838,3,36
q35.q_proj   tp1,2048,4096,32,bfloat16,192,256x192,227.283,2,36
q35.q_proj   tp1,2048,4096,32,bfloat16,192,96x128,228.164,2,36
q35.q_proj   tp1,2048,4096,32,bfloat16,192,112x128,230.227,2,36
q35.q_proj   tp1,2048,4096,32,bfloat16,192,512x64,236.223,2,36
q35.q_proj   tp1,2048,4096,32,bfloat16,192,256x256,258.042,2,36
q35.q_proj   tp1,2048,4096,32,bfloat16,192,prefill_wmma:smallm_off,259.274,2,36
q35.q_proj   tp1,2048,4096,32,bfloat16,192,prefill_wmma,259.551,2,36
q35.q_proj   tp1,2048,4096,32,bfloat16,192,128x256,264.502,2,36
q35.q_proj   tp1,2048,4096,32,bfloat16,192,80x128,322.338,2,36
q35.q_proj   tp1,2048,4096,32,bfloat16,192,32x64,328.813,2,36
q35.q_proj   tp1,2048,4096,32,bfloat16,192,64x128,347.312,2,36
q35.q_proj   tp1,2048,4096,32,bfloat16,192,32x128,415.902,2,36
q35.q_proj   tp1,2048,4096,32,bfloat16,192,16x64,423.116,2,36
q35.q_proj   tp1,2048,4096,32,bfloat16,192,16x128,552.873,2,36
q35.q_proj   tp1,2048,4096,32,bfloat16,256,256x64,105.510,5,36
q35.q_proj   tp1,2048,4096,32,bfloat16,256,128x64,105.956,5,36
q35.q_proj   tp1,2048,4096,32,bfloat16,256,256x128,111.322,4,36
q35.q_proj   tp1,2048,4096,32,bfloat16,256,256x32,113.289,4,36
q35.q_proj   tp1,2048,4096,32,bfloat16,256,384x128,113.832,4,36
q35.q_proj   tp1,2048,4096,32,bfloat16,256,128x32,118.376,4,36
q35.q_proj   tp1,2048,4096,32,bfloat16,256,512x128,118.377,4,36
q35.q_proj   tp1,2048,4096,32,bfloat16,256,128x128,127.415,4,36
q35.q_proj   tp1,2048,4096,32,bfloat16,256,64x64,129.068,4,36
q35.q_proj   tp1,2048,4096,32,bfloat16,256,192x128,131.376,4,36
q35.q_proj   tp1,2048,4096,32,bfloat16,256,112x128,145.887,3,36
q35.q_proj   tp1,2048,4096,32,bfloat16,256,64x32,166.259,3,36
q35.q_proj   tp1,2048,4096,32,bfloat16,256,96x128,169.289,3,36
q35.q_proj   tp1,2048,4096,32,bfloat16,256,prefill_wmma_ashuffle,209.647,2,36
q35.q_proj   tp1,2048,4096,32,bfloat16,256,32x32,217.532,2,36
q35.q_proj   tp1,2048,4096,32,bfloat16,256,256x192,243.138,2,36
q35.q_proj   tp1,2048,4096,32,bfloat16,256,512x64,248.168,2,36
q35.q_proj   tp1,2048,4096,32,bfloat16,256,256x256,273.469,2,36
q35.q_proj   tp1,2048,4096,32,bfloat16,256,128x256,281.838,2,36
q35.q_proj   tp1,2048,4096,32,bfloat16,256,prefill_wmma,288.478,2,36
q35.q_proj   tp1,2048,4096,32,bfloat16,256,prefill_wmma:smallm_off,288.697,2,36
q35.q_proj   tp1,2048,4096,32,bfloat16,256,80x128,315.474,2,36
q35.q_proj   tp1,2048,4096,32,bfloat16,256,32x64,353.560,2,36
q35.q_proj   tp1,2048,4096,32,bfloat16,256,64x128,359.213,2,36
q35.q_proj   tp1,2048,4096,32,bfloat16,256,32x128,419.507,2,36
q35.q_proj   tp1,2048,4096,32,bfloat16,256,16x64,489.747,2,36
q35.q_proj   tp1,2048,4096,32,bfloat16,256,16x128,588.386,2,36
q35.q_proj   tp1,2048,4096,32,bfloat16,512,256x128,137.327,4,36
q35.q_proj   tp1,2048,4096,32,bfloat16,512,128x64,186.398,2,36
q35.q_proj   tp1,2048,4096,32,bfloat16,512,384x128,204.137,2,36
q35.q_proj   tp1,2048,4096,32,bfloat16,512,256x32,210.557,2,36
q35.q_proj   tp1,2048,4096,32,bfloat16,512,128x128,214.897,2,36
q35.q_proj   tp1,2048,4096,32,bfloat16,512,128x32,229.779,2,36
q35.q_proj   tp1,2048,4096,32,bfloat16,512,512x128,234.332,2,36
q35.q_proj   tp1,2048,4096,32,bfloat16,512,192x128,244.059,2,36
q35.q_proj   tp1,2048,4096,32,bfloat16,512,256x64,245.620,2,36
q35.q_proj   tp1,2048,4096,32,bfloat16,512,prefill_wmma_ashuffle,248.071,2,36
q35.q_proj   tp1,2048,4096,32,bfloat16,512,512x64,260.147,2,36
q35.q_proj   tp1,2048,4096,32,bfloat16,512,64x64,260.905,2,36
q35.q_proj   tp1,2048,4096,32,bfloat16,512,64x32,261.120,2,36
q35.q_proj   tp1,2048,4096,32,bfloat16,512,96x128,270.740,2,36
q35.q_proj   tp1,2048,4096,32,bfloat16,512,256x256,291.301,2,36
q35.q_proj   tp1,2048,4096,32,bfloat16,512,128x256,328.393,2,36
q35.q_proj   tp1,2048,4096,32,bfloat16,512,64x128,379.221,2,36
q35.q_proj   tp1,2048,4096,32,bfloat16,512,32x32,383.719,2,36
q35.q_proj   tp1,2048,4096,32,bfloat16,512,32x128,455.082,2,36
q35.q_proj   tp1,2048,4096,32,bfloat16,512,32x64,455.199,2,36
q35.q_proj   tp1,2048,4096,32,bfloat16,512,112x128,473.617,2,36
q35.q_proj   tp1,2048,4096,32,bfloat16,512,80x128,517.586,2,36
q35.q_proj   tp1,2048,4096,32,bfloat16,512,prefill_wmma,555.072,2,36
q35.q_proj   tp1,2048,4096,32,bfloat16,512,prefill_wmma:smallm_off,555.086,2,36
q35.q_proj   tp1,2048,4096,32,bfloat16,512,256x192,642.363,2,36
q35.q_proj   tp1,2048,4096,32,bfloat16,512,16x64,821.624,2,36
q35.q_proj   tp1,2048,4096,32,bfloat16,512,16x128,1090.268,2,36
q35.q_proj   tp1,2048,4096,32,bfloat16,1024,256x128,247.750,2,36
q35.q_proj   tp1,2048,4096,32,bfloat16,1024,512x128,283.533,2,36
q35.q_proj   tp1,2048,4096,32,bfloat16,1024,256x64,305.408,2,36
q35.q_proj   tp1,2048,4096,32,bfloat16,1024,384x128,307.765,2,36
q35.q_proj   tp1,2048,4096,32,bfloat16,1024,128x64,312.128,2,36
q35.q_proj   tp1,2048,4096,32,bfloat16,1024,128x128,338.897,2,36
q35.q_proj   tp1,2048,4096,32,bfloat16,1024,192x128,373.976,2,36
q35.q_proj   tp1,2048,4096,32,bfloat16,1024,256x32,397.242,2,36
q35.q_proj   tp1,2048,4096,32,bfloat16,1024,64x64,399.307,2,36
q35.q_proj   tp1,2048,4096,32,bfloat16,1024,128x32,403.963,2,36
q35.q_proj   tp1,2048,4096,32,bfloat16,1024,112x128,419.645,2,36
q35.q_proj   tp1,2048,4096,32,bfloat16,1024,64x32,468.128,2,36
q35.q_proj   tp1,2048,4096,32,bfloat16,1024,prefill_wmma_ashuffle,484.276,2,36
q35.q_proj   tp1,2048,4096,32,bfloat16,1024,256x256,547.073,2,36
q35.q_proj   tp1,2048,4096,32,bfloat16,1024,512x64,584.150,2,36
q35.q_proj   tp1,2048,4096,32,bfloat16,1024,32x64,620.045,2,36
q35.q_proj   tp1,2048,4096,32,bfloat16,1024,128x256,622.939,2,36
q35.q_proj   tp1,2048,4096,32,bfloat16,1024,96x128,627.514,2,36
q35.q_proj   tp1,2048,4096,32,bfloat16,1024,32x32,641.256,2,36
q35.q_proj   tp1,2048,4096,32,bfloat16,1024,64x128,645.990,2,36
q35.q_proj   tp1,2048,4096,32,bfloat16,1024,80x128,779.139,2,36
q35.q_proj   tp1,2048,4096,32,bfloat16,1024,32x128,815.755,2,36
q35.q_proj   tp1,2048,4096,32,bfloat16,1024,256x192,884.701,2,36
q35.q_proj   tp1,2048,4096,32,bfloat16,1024,prefill_wmma,1013.144,2,36
q35.q_proj   tp1,2048,4096,32,bfloat16,1024,prefill_wmma:smallm_off,1018.547,2,36
q35.q_proj   tp1,2048,4096,32,bfloat16,1024,16x64,1655.077,2,36
q35.q_proj   tp1,2048,4096,32,bfloat16,1024,16x128,2194.586,2,36
q35.q_proj   tp1,2048,4096,32,bfloat16,2048,256x128,479.152,2,36
q35.q_proj   tp1,2048,4096,32,bfloat16,2048,512x128,508.642,2,36
q35.q_proj   tp1,2048,4096,32,bfloat16,2048,128x64,604.962,2,36
q35.q_proj   tp1,2048,4096,32,bfloat16,2048,128x128,607.510,2,36
q35.q_proj   tp1,2048,4096,32,bfloat16,2048,384x128,614.389,2,36
q35.q_proj   tp1,2048,4096,32,bfloat16,2048,256x64,633.794,2,36
q35.q_proj   tp1,2048,4096,32,bfloat16,2048,192x128,697.515,2,36
q35.q_proj   tp1,2048,4096,32,bfloat16,2048,512x64,734.630,2,36
q35.q_proj   tp1,2048,4096,32,bfloat16,2048,prefill_wmma_ashuffle,747.674,2,36
q35.q_proj   tp1,2048,4096,32,bfloat16,2048,256x32,771.482,2,36
q35.q_proj   tp1,2048,4096,32,bfloat16,2048,64x64,783.664,2,36
q35.q_proj   tp1,2048,4096,32,bfloat16,2048,128x32,784.293,2,36
q35.q_proj   tp1,2048,4096,32,bfloat16,2048,96x128,850.885,2,36
q35.q_proj   tp1,2048,4096,32,bfloat16,2048,64x32,850.921,2,36
q35.q_proj   tp1,2048,4096,32,bfloat16,2048,112x128,874.614,2,36
q35.q_proj   tp1,2048,4096,32,bfloat16,2048,32x32,1205.295,2,36
q35.q_proj   tp1,2048,4096,32,bfloat16,2048,256x256,1321.196,2,36
q35.q_proj   tp1,2048,4096,32,bfloat16,2048,32x64,1329.914,2,36
q35.q_proj   tp1,2048,4096,32,bfloat16,2048,128x256,1415.683,2,36
q35.q_proj   tp1,2048,4096,32,bfloat16,2048,64x128,1425.936,2,36
q35.q_proj   tp1,2048,4096,32,bfloat16,2048,80x128,1452.243,2,36
q35.q_proj   tp1,2048,4096,32,bfloat16,2048,prefill_wmma,1814.235,2,36
q35.q_proj   tp1,2048,4096,32,bfloat16,2048,prefill_wmma:smallm_off,1819.170,2,36
q35.q_proj   tp1,2048,4096,32,bfloat16,2048,32x128,1872.100,2,36
q35.q_proj   tp1,2048,4096,32,bfloat16,2048,256x192,2204.958,2,36
q35.q_proj   tp1,2048,4096,32,bfloat16,2048,16x64,2569.661,2,36
q35.q_proj   tp1,2048,4096,32,bfloat16,2048,16x128,3901.470,2,36
q27.down     tp2,8704,5120,32,bfloat16,1,64x32,222.396,11,8
q27.down     tp2,8704,5120,32,bfloat16,1,128x32,257.725,9,8
q27.down     tp2,8704,5120,32,bfloat16,1,128x64,258.373,9,8
q27.down     tp2,8704,5120,32,bfloat16,1,32x32,324.465,7,8
q27.down     tp2,8704,5120,32,bfloat16,1,64x64,336.203,7,8
q27.down     tp2,8704,5120,32,bfloat16,1,128x128,390.255,6,8
q27.down     tp2,8704,5120,32,bfloat16,1,prefill_wmma,394.046,6,8
q27.down     tp2,8704,5120,32,bfloat16,1,256x64,394.095,6,8
q27.down     tp2,8704,5120,32,bfloat16,1,prefill_wmma_ashuffle,422.509,5,8
q27.down     tp2,8704,5120,32,bfloat16,1,96x128,451.612,5,8
q27.down     tp2,8704,5120,32,bfloat16,1,192x128,458.570,5,8
q27.down     tp2,8704,5120,32,bfloat16,1,256x128,460.288,5,8
q27.down     tp2,8704,5120,32,bfloat16,1,112x128,467.072,5,8
q27.down     tp2,8704,5120,32,bfloat16,1,256x32,487.317,5,8
q27.down     tp2,8704,5120,32,bfloat16,1,256x192,535.951,4,8
q27.down     tp2,8704,5120,32,bfloat16,1,384x128,692.623,3,8
q27.down     tp2,8704,5120,32,bfloat16,1,512x128,781.675,3,8
q27.down     tp2,8704,5120,32,bfloat16,1,80x128,792.791,2,8
q27.down     tp2,8704,5120,32,bfloat16,1,64x128,840.271,2,8
q27.down     tp2,8704,5120,32,bfloat16,1,32x64,847.690,3,8
q27.down     tp2,8704,5120,32,bfloat16,1,256x256,958.733,2,8
q27.down     tp2,8704,5120,32,bfloat16,1,128x256,987.151,2,8
q27.down     tp2,8704,5120,32,bfloat16,1,512x64,1004.533,2,8
q27.down     tp2,8704,5120,32,bfloat16,1,prefill_wmma:smallm_off,1196.038,2,8
q27.down     tp2,8704,5120,32,bfloat16,1,16x64,1540.616,2,8
q27.down     tp2,8704,5120,32,bfloat16,1,32x128,1559.461,2,8
q27.down     tp2,8704,5120,32,bfloat16,1,16x128,2339.053,2,8
q27.down     tp2,8704,5120,32,bfloat16,8,64x32,228.738,11,8
q27.down     tp2,8704,5120,32,bfloat16,8,128x32,278.950,8,8
q27.down     tp2,8704,5120,32,bfloat16,8,128x64,281.614,8,8
q27.down     tp2,8704,5120,32,bfloat16,8,32x32,320.491,7,8
q27.down     tp2,8704,5120,32,bfloat16,8,64x64,331.718,7,8
q27.down     tp2,8704,5120,32,bfloat16,8,128x128,384.315,6,8
q27.down     tp2,8704,5120,32,bfloat16,8,256x64,384.725,6,8
q27.down     tp2,8704,5120,32,bfloat16,8,prefill_wmma,384.993,6,8
q27.down     tp2,8704,5120,32,bfloat16,8,prefill_wmma_ashuffle,396.825,6,8
q27.down     tp2,8704,5120,32,bfloat16,8,96x128,442.448,5,8
q27.down     tp2,8704,5120,32,bfloat16,8,256x128,454.825,5,8
q27.down     tp2,8704,5120,32,bfloat16,8,112x128,459.290,5,8
q27.down     tp2,8704,5120,32,bfloat16,8,192x128,463.092,5,8
q27.down     tp2,8704,5120,32,bfloat16,8,256x32,486.076,5,8
q27.down     tp2,8704,5120,32,bfloat16,8,256x192,531.480,4,8
q27.down     tp2,8704,5120,32,bfloat16,8,384x128,660.044,3,8
q27.down     tp2,8704,5120,32,bfloat16,8,512x128,757.734,3,8
q27.down     tp2,8704,5120,32,bfloat16,8,32x64,799.981,3,8
q27.down     tp2,8704,5120,32,bfloat16,8,80x128,802.046,3,8
q27.down     tp2,8704,5120,32,bfloat16,8,64x128,848.361,2,8
q27.down     tp2,8704,5120,32,bfloat16,8,512x64,909.042,2,8
q27.down     tp2,8704,5120,32,bfloat16,8,256x256,950.745,2,8
q27.down     tp2,8704,5120,32,bfloat16,8,128x256,975.758,2,8
q27.down     tp2,8704,5120,32,bfloat16,8,prefill_wmma:smallm_off,1149.275,2,8
q27.down     tp2,8704,5120,32,bfloat16,8,32x128,1563.713,2,8
q27.down     tp2,8704,5120,32,bfloat16,8,16x64,1664.450,2,8
q27.down     tp2,8704,5120,32,bfloat16,8,16x128,2391.424,2,8
q27.down     tp2,8704,5120,32,bfloat16,17,64x32,261.016,9,8
q27.down     tp2,8704,5120,32,bfloat16,17,128x32,280.720,8,8
q27.down     tp2,8704,5120,32,bfloat16,17,128x64,281.992,8,8
q27.down     tp2,8704,5120,32,bfloat16,17,32x32,336.577,7,8
q27.down     tp2,8704,5120,32,bfloat16,17,64x64,344.326,7,8
q27.down     tp2,8704,5120,32,bfloat16,17,256x64,376.419,6,8
q27.down     tp2,8704,5120,32,bfloat16,17,128x128,387.706,6,8
q27.down     tp2,8704,5120,32,bfloat16,17,prefill_wmma_ashuffle,419.347,5,8
q27.down     tp2,8704,5120,32,bfloat16,17,prefill_wmma,429.950,5,8
q27.down     tp2,8704,5120,32,bfloat16,17,96x128,452.409,5,8
q27.down     tp2,8704,5120,32,bfloat16,17,256x128,453.208,5,8
q27.down     tp2,8704,5120,32,bfloat16,17,192x128,454.979,5,8
q27.down     tp2,8704,5120,32,bfloat16,17,112x128,461.785,5,8
q27.down     tp2,8704,5120,32,bfloat16,17,256x32,485.558,5,8
q27.down     tp2,8704,5120,32,bfloat16,17,256x192,542.996,4,8
q27.down     tp2,8704,5120,32,bfloat16,17,384x128,654.224,3,8
q27.down     tp2,8704,5120,32,bfloat16,17,512x128,745.043,3,8
q27.down     tp2,8704,5120,32,bfloat16,17,32x64,795.738,2,8
q27.down     tp2,8704,5120,32,bfloat16,17,80x128,821.931,2,8
q27.down     tp2,8704,5120,32,bfloat16,17,64x128,874.254,2,8
q27.down     tp2,8704,5120,32,bfloat16,17,512x64,894.392,2,8
q27.down     tp2,8704,5120,32,bfloat16,17,256x256,960.365,2,8
q27.down     tp2,8704,5120,32,bfloat16,17,128x256,980.811,2,8
q27.down     tp2,8704,5120,32,bfloat16,17,prefill_wmma:smallm_off,1183.261,2,8
q27.down     tp2,8704,5120,32,bfloat16,17,16x64,1464.249,2,8
q27.down     tp2,8704,5120,32,bfloat16,17,32x128,1642.397,2,8
q27.down     tp2,8704,5120,32,bfloat16,17,16x128,2343.994,2,8
q27.down     tp2,8704,5120,32,bfloat16,24,64x32,261.727,9,8
q27.down     tp2,8704,5120,32,bfloat16,24,128x32,277.959,8,8
q27.down     tp2,8704,5120,32,bfloat16,24,128x64,282.171,8,8
q27.down     tp2,8704,5120,32,bfloat16,24,32x32,335.729,7,8
q27.down     tp2,8704,5120,32,bfloat16,24,64x64,349.701,7,8
q27.down     tp2,8704,5120,32,bfloat16,24,128x128,386.301,6,8
q27.down     tp2,8704,5120,32,bfloat16,24,256x64,391.088,6,8
q27.down     tp2,8704,5120,32,bfloat16,24,prefill_wmma_ashuffle,410.565,6,8
q27.down     tp2,8704,5120,32,bfloat16,24,prefill_wmma,428.307,5,8
q27.down     tp2,8704,5120,32,bfloat16,24,256x128,449.543,5,8
q27.down     tp2,8704,5120,32,bfloat16,24,96x128,449.661,5,8
q27.down     tp2,8704,5120,32,bfloat16,24,192x128,454.988,5,8
q27.down     tp2,8704,5120,32,bfloat16,24,112x128,460.568,5,8
q27.down     tp2,8704,5120,32,bfloat16,24,256x32,486.410,5,8
q27.down     tp2,8704,5120,32,bfloat16,24,256x192,543.702,4,8
q27.down     tp2,8704,5120,32,bfloat16,24,384x128,650.919,3,8
q27.down     tp2,8704,5120,32,bfloat16,24,512x128,747.310,3,8
q27.down     tp2,8704,5120,32,bfloat16,24,32x64,860.271,2,8
q27.down     tp2,8704,5120,32,bfloat16,24,64x128,876.229,2,8
q27.down     tp2,8704,5120,32,bfloat16,24,512x64,903.370,2,8
q27.down     tp2,8704,5120,32,bfloat16,24,256x256,958.913,2,8
q27.down     tp2,8704,5120,32,bfloat16,24,128x256,983.568,2,8
q27.down     tp2,8704,5120,32,bfloat16,24,80x128,1134.610,2,8
q27.down     tp2,8704,5120,32,bfloat16,24,prefill_wmma:smallm_off,1158.595,2,8
q27.down     tp2,8704,5120,32,bfloat16,24,32x128,1656.962,2,8
q27.down     tp2,8704,5120,32,bfloat16,24,16x64,1677.960,2,8
q27.down     tp2,8704,5120,32,bfloat16,24,16x128,2414.410,2,8
q27.down     tp2,8704,5120,32,bfloat16,32,64x32,261.195,9,8
q27.down     tp2,8704,5120,32,bfloat16,32,128x32,279.742,8,8
q27.down     tp2,8704,5120,32,bfloat16,32,128x64,281.398,8,8
q27.down     tp2,8704,5120,32,bfloat16,32,64x64,349.993,7,8
q27.down     tp2,8704,5120,32,bfloat16,32,32x32,360.510,6,8
q27.down     tp2,8704,5120,32,bfloat16,32,256x64,376.137,6,8
q27.down     tp2,8704,5120,32,bfloat16,32,prefill_wmma_ashuffle,386.508,6,8
q27.down     tp2,8704,5120,32,bfloat16,32,128x128,387.753,6,8
q27.down     tp2,8704,5120,32,bfloat16,32,256x128,449.979,5,8
q27.down     tp2,8704,5120,32,bfloat16,32,prefill_wmma,456.385,5,8
q27.down     tp2,8704,5120,32,bfloat16,32,192x128,456.775,5,8
q27.down     tp2,8704,5120,32,bfloat16,32,96x128,468.830,5,8
q27.down     tp2,8704,5120,32,bfloat16,32,112x128,476.849,5,8
q27.down     tp2,8704,5120,32,bfloat16,32,256x32,488.146,5,8
q27.down     tp2,8704,5120,32,bfloat16,32,256x192,534.150,4,8
q27.down     tp2,8704,5120,32,bfloat16,32,384x128,653.029,3,8
q27.down     tp2,8704,5120,32,bfloat16,32,512x128,743.245,3,8
q27.down     tp2,8704,5120,32,bfloat16,32,512x64,878.354,2,8
q27.down     tp2,8704,5120,32,bfloat16,32,64x128,882.717,2,8
q27.down     tp2,8704,5120,32,bfloat16,32,32x64,922.227,2,8
q27.down     tp2,8704,5120,32,bfloat16,32,256x256,961.823,2,8
q27.down     tp2,8704,5120,32,bfloat16,32,128x256,987.648,2,8
q27.down     tp2,8704,5120,32,bfloat16,32,80x128,1028.739,2,8
q27.down     tp2,8704,5120,32,bfloat16,32,prefill_wmma:smallm_off,1146.458,2,8
q27.down     tp2,8704,5120,32,bfloat16,32,32x128,1692.730,2,8
q27.down     tp2,8704,5120,32,bfloat16,32,16x64,1710.165,2,8
q27.down     tp2,8704,5120,32,bfloat16,32,16x128,2412.157,2,8
q27.down     tp2,8704,5120,32,bfloat16,48,64x32,280.700,8,8
q27.down     tp2,8704,5120,32,bfloat16,48,128x64,296.791,8,8
q27.down     tp2,8704,5120,32,bfloat16,48,128x32,304.573,8,8
q27.down     tp2,8704,5120,32,bfloat16,48,64x64,357.323,6,8
q27.down     tp2,8704,5120,32,bfloat16,48,256x64,377.718,6,8
q27.down     tp2,8704,5120,32,bfloat16,48,32x32,381.244,6,8
q27.down     tp2,8704,5120,32,bfloat16,48,128x128,401.245,6,8
q27.down     tp2,8704,5120,32,bfloat16,48,prefill_wmma_ashuffle,416.201,5,8
q27.down     tp2,8704,5120,32,bfloat16,48,256x128,437.942,5,8
q27.down     tp2,8704,5120,32,bfloat16,48,192x128,456.549,5,8
q27.down     tp2,8704,5120,32,bfloat16,48,256x32,488.540,5,8
q27.down     tp2,8704,5120,32,bfloat16,48,112x128,491.767,5,8
q27.down     tp2,8704,5120,32,bfloat16,48,96x128,501.591,5,8
q27.down     tp2,8704,5120,32,bfloat16,48,prefill_wmma,516.656,4,8
q27.down     tp2,8704,5120,32,bfloat16,48,256x192,533.938,4,8
q27.down     tp2,8704,5120,32,bfloat16,48,384x128,651.779,3,8
q27.down     tp2,8704,5120,32,bfloat16,48,32x64,688.559,3,8
q27.down     tp2,8704,5120,32,bfloat16,48,512x128,745.098,3,8
q27.down     tp2,8704,5120,32,bfloat16,48,512x64,868.589,2,8
q27.down     tp2,8704,5120,32,bfloat16,48,256x256,963.048,2,8
q27.down     tp2,8704,5120,32,bfloat16,48,128x256,1001.463,2,8
q27.down     tp2,8704,5120,32,bfloat16,48,prefill_wmma:smallm_off,1150.888,2,8
q27.down     tp2,8704,5120,32,bfloat16,48,80x128,1216.774,2,8
q27.down     tp2,8704,5120,32,bfloat16,48,64x128,1231.652,2,8
q27.down     tp2,8704,5120,32,bfloat16,48,32x128,1645.499,2,8
q27.down     tp2,8704,5120,32,bfloat16,48,16x64,1716.236,2,8
q27.down     tp2,8704,5120,32,bfloat16,48,16x128,2425.340,2,8
q27.down     tp2,8704,5120,32,bfloat16,63,128x32,292.447,8,8
q27.down     tp2,8704,5120,32,bfloat16,63,64x32,295.981,8,8
q27.down     tp2,8704,5120,32,bfloat16,63,128x64,296.982,8,8
q27.down     tp2,8704,5120,32,bfloat16,63,256x64,354.275,6,8
q27.down     tp2,8704,5120,32,bfloat16,63,64x64,373.634,6,8
q27.down     tp2,8704,5120,32,bfloat16,63,32x32,393.520,6,8
q27.down     tp2,8704,5120,32,bfloat16,63,128x128,400.262,6,8
q27.down     tp2,8704,5120,32,bfloat16,63,prefill_wmma_ashuffle,418.225,5,8
q27.down     tp2,8704,5120,32,bfloat16,63,256x128,429.812,5,8
q27.down     tp2,8704,5120,32,bfloat16,63,256x32,462.948,5,8
q27.down     tp2,8704,5120,32,bfloat16,63,192x128,476.941,4,8
q27.down     tp2,8704,5120,32,bfloat16,63,256x192,532.352,4,8
q27.down     tp2,8704,5120,32,bfloat16,63,prefill_wmma,580.054,4,8
q27.down     tp2,8704,5120,32,bfloat16,63,384x128,632.893,3,8
q27.down     tp2,8704,5120,32,bfloat16,63,512x128,732.833,3,8
q27.down     tp2,8704,5120,32,bfloat16,63,512x64,851.349,2,8
q27.down     tp2,8704,5120,32,bfloat16,63,96x128,886.394,2,8
q27.down     tp2,8704,5120,32,bfloat16,63,112x128,898.109,2,8
q27.down     tp2,8704,5120,32,bfloat16,63,256x256,968.148,2,8
q27.down     tp2,8704,5120,32,bfloat16,63,128x256,1010.159,2,8
q27.down     tp2,8704,5120,32,bfloat16,63,prefill_wmma:smallm_off,1153.885,2,8
q27.down     tp2,8704,5120,32,bfloat16,63,32x64,1293.147,2,8
q27.down     tp2,8704,5120,32,bfloat16,63,64x128,1306.285,2,8
q27.down     tp2,8704,5120,32,bfloat16,63,80x128,1309.530,2,8
q27.down     tp2,8704,5120,32,bfloat16,63,32x128,1738.503,2,8
q27.down     tp2,8704,5120,32,bfloat16,63,16x64,1739.388,2,8
q27.down     tp2,8704,5120,32,bfloat16,63,16x128,2433.210,2,8
q27.down     tp2,8704,5120,32,bfloat16,64,128x32,289.746,8,8
q27.down     tp2,8704,5120,32,bfloat16,64,128x64,295.225,8,8
q27.down     tp2,8704,5120,32,bfloat16,64,64x32,296.622,8,8
q27.down     tp2,8704,5120,32,bfloat16,64,256x64,356.000,6,8
q27.down     tp2,8704,5120,32,bfloat16,64,64x64,376.623,6,8
q27.down     tp2,8704,5120,32,bfloat16,64,32x32,391.499,6,8
q27.down     tp2,8704,5120,32,bfloat16,64,128x128,400.557,6,8
q27.down     tp2,8704,5120,32,bfloat16,64,prefill_wmma_ashuffle,428.955,5,8
q27.down     tp2,8704,5120,32,bfloat16,64,256x128,443.812,5,8
q27.down     tp2,8704,5120,32,bfloat16,64,256x32,462.909,5,8
q27.down     tp2,8704,5120,32,bfloat16,64,192x128,475.358,4,8
q27.down     tp2,8704,5120,32,bfloat16,64,256x192,535.956,4,8
q27.down     tp2,8704,5120,32,bfloat16,64,prefill_wmma,577.501,4,8
q27.down     tp2,8704,5120,32,bfloat16,64,384x128,634.809,3,8
q27.down     tp2,8704,5120,32,bfloat16,64,512x128,729.215,3,8
q27.down     tp2,8704,5120,32,bfloat16,64,512x64,864.557,2,8
q27.down     tp2,8704,5120,32,bfloat16,64,96x128,891.342,2,8
q27.down     tp2,8704,5120,32,bfloat16,64,112x128,903.475,2,8
q27.down     tp2,8704,5120,32,bfloat16,64,256x256,964.208,2,8
q27.down     tp2,8704,5120,32,bfloat16,64,128x256,1011.073,2,8
q27.down     tp2,8704,5120,32,bfloat16,64,prefill_wmma:smallm_off,1141.228,2,8
q27.down     tp2,8704,5120,32,bfloat16,64,80x128,1256.537,2,8
q27.down     tp2,8704,5120,32,bfloat16,64,64x128,1310.253,2,8
q27.down     tp2,8704,5120,32,bfloat16,64,32x64,1310.282,2,8
q27.down     tp2,8704,5120,32,bfloat16,64,32x128,1652.477,2,8
q27.down     tp2,8704,5120,32,bfloat16,64,16x64,1746.626,2,8
q27.down     tp2,8704,5120,32,bfloat16,64,16x128,2440.148,2,8
q27.down     tp2,8704,5120,32,bfloat16,96,128x32,317.197,7,8
q27.down     tp2,8704,5120,32,bfloat16,96,128x64,324.118,7,8
q27.down     tp2,8704,5120,32,bfloat16,96,64x32,343.990,7,8
q27.down     tp2,8704,5120,32,bfloat16,96,256x64,374.007,6,8
q27.down     tp2,8704,5120,32,bfloat16,96,64x64,390.008,6,8
q27.down     tp2,8704,5120,32,bfloat16,96,128x128,425.219,5,8
q27.down     tp2,8704,5120,32,bfloat16,96,32x32,437.210,5,8
q27.down     tp2,8704,5120,32,bfloat16,96,256x128,448.094,5,8
q27.down     tp2,8704,5120,32,bfloat16,96,prefill_wmma_ashuffle,471.237,5,8
q27.down     tp2,8704,5120,32,bfloat16,96,192x128,476.590,4,8
q27.down     tp2,8704,5120,32,bfloat16,96,256x32,504.853,4,8
q27.down     tp2,8704,5120,32,bfloat16,96,256x192,554.237,4,8
q27.down     tp2,8704,5120,32,bfloat16,96,prefill_wmma,562.199,4,8
q27.down     tp2,8704,5120,32,bfloat16,96,80x128,618.075,3,8
q27.down     tp2,8704,5120,32,bfloat16,96,384x128,633.082,3,8
q27.down     tp2,8704,5120,32,bfloat16,96,512x128,728.110,3,8
q27.down     tp2,8704,5120,32,bfloat16,96,512x64,849.094,2,8
q27.down     tp2,8704,5120,32,bfloat16,96,112x128,910.740,2,8
q27.down     tp2,8704,5120,32,bfloat16,96,96x128,911.010,2,8
q27.down     tp2,8704,5120,32,bfloat16,96,256x256,986.198,2,8
q27.down     tp2,8704,5120,32,bfloat16,96,128x256,1031.754,2,8
q27.down     tp2,8704,5120,32,bfloat16,96,64x128,1034.731,2,8
q27.down     tp2,8704,5120,32,bfloat16,96,prefill_wmma:smallm_off,1296.030,2,8
q27.down     tp2,8704,5120,32,bfloat16,96,32x64,1407.444,2,8
q27.down     tp2,8704,5120,32,bfloat16,96,32x128,1719.331,2,8
q27.down     tp2,8704,5120,32,bfloat16,96,16x64,1785.346,2,8
q27.down     tp2,8704,5120,32,bfloat16,96,16x128,2399.065,2,8
q27.down     tp2,8704,5120,32,bfloat16,128,128x64,341.893,7,8
q27.down     tp2,8704,5120,32,bfloat16,128,128x32,355.576,7,8
q27.down     tp2,8704,5120,32,bfloat16,128,64x32,358.287,7,8
q27.down     tp2,8704,5120,32,bfloat16,128,256x64,379.268,6,8
q27.down     tp2,8704,5120,32,bfloat16,128,64x64,414.266,5,8
q27.down     tp2,8704,5120,32,bfloat16,128,256x128,433.181,5,8
q27.down     tp2,8704,5120,32,bfloat16,128,128x128,441.350,5,8
q27.down     tp2,8704,5120,32,bfloat16,128,32x32,477.925,4,8
q27.down     tp2,8704,5120,32,bfloat16,128,192x128,491.021,5,8
q27.down     tp2,8704,5120,32,bfloat16,128,prefill_wmma_ashuffle,505.977,4,8
q27.down     tp2,8704,5120,32,bfloat16,128,96x128,511.051,4,8
q27.down     tp2,8704,5120,32,bfloat16,128,256x32,513.367,4,8
q27.down     tp2,8704,5120,32,bfloat16,128,112x128,539.403,4,8
q27.down     tp2,8704,5120,32,bfloat16,128,256x192,544.440,4,8
q27.down     tp2,8704,5120,32,bfloat16,128,384x128,677.706,3,8
q27.down     tp2,8704,5120,32,bfloat16,128,512x128,726.781,3,8
q27.down     tp2,8704,5120,32,bfloat16,128,512x64,850.341,2,8
q27.down     tp2,8704,5120,32,bfloat16,128,256x256,988.583,2,8
q27.down     tp2,8704,5120,32,bfloat16,128,80x128,1130.363,2,8
q27.down     tp2,8704,5120,32,bfloat16,128,128x256,1232.247,2,8
q27.down     tp2,8704,5120,32,bfloat16,128,prefill_wmma,1305.060,2,8
q27.down     tp2,8704,5120,32,bfloat16,128,prefill_wmma:smallm_off,1314.685,2,8
q27.down     tp2,8704,5120,32,bfloat16,128,32x64,1445.374,2,8
q27.down     tp2,8704,5120,32,bfloat16,128,64x128,1496.940,2,8
q27.down     tp2,8704,5120,32,bfloat16,128,16x64,1796.497,2,8
q27.down     tp2,8704,5120,32,bfloat16,128,32x128,1846.717,2,8
q27.down     tp2,8704,5120,32,bfloat16,128,16x128,2490.908,2,8
q27.down     tp2,8704,5120,32,bfloat16,192,128x64,412.496,5,8
q27.down     tp2,8704,5120,32,bfloat16,192,256x64,412.556,6,8
q27.down     tp2,8704,5120,32,bfloat16,192,256x128,446.922,5,8
q27.down     tp2,8704,5120,32,bfloat16,192,64x64,467.159,5,8
q27.down     tp2,8704,5120,32,bfloat16,192,128x128,481.838,5,8
q27.down     tp2,8704,5120,32,bfloat16,192,192x128,502.758,4,8
q27.down     tp2,8704,5120,32,bfloat16,192,256x32,574.683,4,8
q27.down     tp2,8704,5120,32,bfloat16,192,64x32,577.061,4,8
q27.down     tp2,8704,5120,32,bfloat16,192,256x192,586.158,4,8
q27.down     tp2,8704,5120,32,bfloat16,192,128x32,592.619,4,8
q27.down     tp2,8704,5120,32,bfloat16,192,prefill_wmma_ashuffle,622.672,4,8
q27.down     tp2,8704,5120,32,bfloat16,192,80x128,645.097,3,8
q27.down     tp2,8704,5120,32,bfloat16,192,384x128,699.609,3,8
q27.down     tp2,8704,5120,32,bfloat16,192,32x32,751.863,3,8
q27.down     tp2,8704,5120,32,bfloat16,192,112x128,805.743,3,8
q27.down     tp2,8704,5120,32,bfloat16,192,512x128,807.901,3,8
q27.down     tp2,8704,5120,32,bfloat16,192,512x64,922.200,2,8
q27.down     tp2,8704,5120,32,bfloat16,192,256x256,1022.509,2,8
q27.down     tp2,8704,5120,32,bfloat16,192,96x128,1146.840,2,8
q27.down     tp2,8704,5120,32,bfloat16,192,128x256,1298.643,2,8
q27.down     tp2,8704,5120,32,bfloat16,192,32x64,1446.107,2,8
q27.down     tp2,8704,5120,32,bfloat16,192,prefill_wmma,1513.188,2,8
q27.down     tp2,8704,5120,32,bfloat16,192,prefill_wmma:smallm_off,1514.683,2,8
q27.down     tp2,8704,5120,32,bfloat16,192,64x128,1536.260,2,8
q27.down     tp2,8704,5120,32,bfloat16,192,32x128,1817.164,2,8
q27.down     tp2,8704,5120,32,bfloat16,192,16x64,1900.453,2,8
q27.down     tp2,8704,5120,32,bfloat16,192,16x128,2519.514,2,8
q27.down     tp2,8704,5120,32,bfloat16,256,128x64,424.929,5,8
q27.down     tp2,8704,5120,32,bfloat16,256,256x64,438.185,5,8
q27.down     tp2,8704,5120,32,bfloat16,256,256x128,452.816,5,8
q27.down     tp2,8704,5120,32,bfloat16,256,128x128,494.442,4,8
q27.down     tp2,8704,5120,32,bfloat16,256,64x64,556.494,4,8
q27.down     tp2,8704,5120,32,bfloat16,256,112x128,594.868,4,8
q27.down     tp2,8704,5120,32,bfloat16,256,256x192,610.583,4,8
q27.down     tp2,8704,5120,32,bfloat16,256,128x32,620.562,4,8
q27.down     tp2,8704,5120,32,bfloat16,256,96x128,622.838,4,8
q27.down     tp2,8704,5120,32,bfloat16,256,256x32,627.646,4,8
q27.down     tp2,8704,5120,32,bfloat16,256,64x32,641.224,3,8
q27.down     tp2,8704,5120,32,bfloat16,256,prefill_wmma_ashuffle,737.705,3,8
q27.down     tp2,8704,5120,32,bfloat16,256,384x128,756.459,3,8
q27.down     tp2,8704,5120,32,bfloat16,256,512x128,795.994,3,8
q27.down     tp2,8704,5120,32,bfloat16,256,32x32,868.767,2,8
q27.down     tp2,8704,5120,32,bfloat16,256,192x128,899.745,2,8
q27.down     tp2,8704,5120,32,bfloat16,256,32x64,906.407,2,8
q27.down     tp2,8704,5120,32,bfloat16,256,512x64,960.615,2,8
q27.down     tp2,8704,5120,32,bfloat16,256,256x256,1331.988,2,8
q27.down     tp2,8704,5120,32,bfloat16,256,128x256,1423.454,2,8
q27.down     tp2,8704,5120,32,bfloat16,256,64x128,1630.619,2,8
q27.down     tp2,8704,5120,32,bfloat16,256,80x128,1639.927,2,8
q27.down     tp2,8704,5120,32,bfloat16,256,prefill_wmma:smallm_off,1735.688,2,8
q27.down     tp2,8704,5120,32,bfloat16,256,prefill_wmma,1745.146,2,8
q27.down     tp2,8704,5120,32,bfloat16,256,32x128,1921.901,2,8
q27.down     tp2,8704,5120,32,bfloat16,256,16x64,3596.941,2,8
q27.down     tp2,8704,5120,32,bfloat16,256,16x128,5069.750,2,8
q27.down     tp2,8704,5120,32,bfloat16,512,256x128,779.397,3,8
q27.down     tp2,8704,5120,32,bfloat16,512,256x64,791.122,3,8
q27.down     tp2,8704,5120,32,bfloat16,512,128x64,804.742,3,8
q27.down     tp2,8704,5120,32,bfloat16,512,192x128,953.073,2,8
q27.down     tp2,8704,5120,32,bfloat16,512,128x32,1041.626,2,8
q27.down     tp2,8704,5120,32,bfloat16,512,256x32,1052.449,2,8
q27.down     tp2,8704,5120,32,bfloat16,512,512x128,1068.754,2,8
q27.down     tp2,8704,5120,32,bfloat16,512,64x64,1111.145,2,8
q27.down     tp2,8704,5120,32,bfloat16,512,64x32,1128.758,2,8
q27.down     tp2,8704,5120,32,bfloat16,512,prefill_wmma_ashuffle,1326.735,2,8
q27.down     tp2,8704,5120,32,bfloat16,512,512x64,1347.906,2,8
q27.down     tp2,8704,5120,32,bfloat16,512,384x128,1387.201,2,8
q27.down     tp2,8704,5120,32,bfloat16,512,96x128,1396.664,2,8
q27.down     tp2,8704,5120,32,bfloat16,512,32x32,1545.028,2,8
q27.down     tp2,8704,5120,32,bfloat16,512,128x128,1620.027,2,8
q27.down     tp2,8704,5120,32,bfloat16,512,32x64,1749.556,2,8
q27.down     tp2,8704,5120,32,bfloat16,512,112x128,2011.822,2,8
q27.down     tp2,8704,5120,32,bfloat16,512,prefill_wmma:smallm_off,2619.890,2,8
q27.down     tp2,8704,5120,32,bfloat16,512,prefill_wmma,2633.765,2,8
q27.down     tp2,8704,5120,32,bfloat16,512,256x256,2782.342,2,8
q27.down     tp2,8704,5120,32,bfloat16,512,80x128,2837.823,2,8
q27.down     tp2,8704,5120,32,bfloat16,512,256x192,2882.781,2,8
q27.down     tp2,8704,5120,32,bfloat16,512,64x128,3066.189,2,8
q27.down     tp2,8704,5120,32,bfloat16,512,128x256,3066.833,2,8
q27.down     tp2,8704,5120,32,bfloat16,512,32x128,3810.998,2,8
q27.down     tp2,8704,5120,32,bfloat16,512,16x64,5130.947,2,8
q27.down     tp2,8704,5120,32,bfloat16,512,16x128,7673.066,2,8
q27.down     tp2,8704,5120,32,bfloat16,1024,256x128,1460.080,2,8
q27.down     tp2,8704,5120,32,bfloat16,1024,512x128,1612.779,2,8
q27.down     tp2,8704,5120,32,bfloat16,1024,256x64,1716.673,2,8
q27.down     tp2,8704,5120,32,bfloat16,1024,128x64,1738.841,2,8
q27.down     tp2,8704,5120,32,bfloat16,1024,384x128,1806.167,2,8
q27.down     tp2,8704,5120,32,bfloat16,1024,128x128,1889.133,2,8
q27.down     tp2,8704,5120,32,bfloat16,1024,256x32,1983.169,2,8
q27.down     tp2,8704,5120,32,bfloat16,1024,128x32,2052.435,2,8
q27.down     tp2,8704,5120,32,bfloat16,1024,prefill_wmma_ashuffle,2064.900,2,8
q27.down     tp2,8704,5120,32,bfloat16,1024,512x64,2086.145,2,8
q27.down     tp2,8704,5120,32,bfloat16,1024,192x128,2164.397,2,8
q27.down     tp2,8704,5120,32,bfloat16,1024,64x64,2181.392,2,8
q27.down     tp2,8704,5120,32,bfloat16,1024,64x32,2237.892,2,8
q27.down     tp2,8704,5120,32,bfloat16,1024,112x128,2316.736,2,8
q27.down     tp2,8704,5120,32,bfloat16,1024,32x64,3034.941,2,8
q27.down     tp2,8704,5120,32,bfloat16,1024,32x32,3045.018,2,8
q27.down     tp2,8704,5120,32,bfloat16,1024,96x128,3497.190,2,8
q27.down     tp2,8704,5120,32,bfloat16,1024,256x256,3544.315,2,8
q27.down     tp2,8704,5120,32,bfloat16,1024,128x256,3741.458,2,8
q27.down     tp2,8704,5120,32,bfloat16,1024,64x128,4439.680,2,8
q27.down     tp2,8704,5120,32,bfloat16,1024,prefill_wmma:smallm_off,4638.397,2,8
q27.down     tp2,8704,5120,32,bfloat16,1024,prefill_wmma,4638.502,2,8
q27.down     tp2,8704,5120,32,bfloat16,1024,80x128,5389.540,2,8
q27.down     tp2,8704,5120,32,bfloat16,1024,32x128,5597.212,2,8
q27.down     tp2,8704,5120,32,bfloat16,1024,256x192,5798.598,2,8
q27.down     tp2,8704,5120,32,bfloat16,1024,16x64,7906.484,2,8
q27.down     tp2,8704,5120,32,bfloat16,1024,16x128,12406.657,2,8
q27.down     tp2,8704,5120,32,bfloat16,2048,256x128,2531.184,2,8
q27.down     tp2,8704,5120,32,bfloat16,2048,512x128,2606.097,2,8
q27.down     tp2,8704,5120,32,bfloat16,2048,128x128,3055.936,2,8
q27.down     tp2,8704,5120,32,bfloat16,2048,256x64,3058.899,2,8
q27.down     tp2,8704,5120,32,bfloat16,2048,128x64,3182.631,2,8
q27.down     tp2,8704,5120,32,bfloat16,2048,384x128,3352.755,2,8
q27.down     tp2,8704,5120,32,bfloat16,2048,192x128,3636.571,2,8
q27.down     tp2,8704,5120,32,bfloat16,2048,prefill_wmma_ashuffle,3824.509,2,8
q27.down     tp2,8704,5120,32,bfloat16,2048,512x64,3905.757,2,8
q27.down     tp2,8704,5120,32,bfloat16,2048,256x32,3985.193,2,8
q27.down     tp2,8704,5120,32,bfloat16,2048,64x64,4091.500,2,8
q27.down     tp2,8704,5120,32,bfloat16,2048,112x128,4160.328,2,8
q27.down     tp2,8704,5120,32,bfloat16,2048,96x128,4228.392,2,8
q27.down     tp2,8704,5120,32,bfloat16,2048,128x32,4483.871,2,8
q27.down     tp2,8704,5120,32,bfloat16,2048,64x32,5002.538,2,8
q27.down     tp2,8704,5120,32,bfloat16,2048,64x128,5617.388,2,8
q27.down     tp2,8704,5120,32,bfloat16,2048,32x64,5734.654,2,8
q27.down     tp2,8704,5120,32,bfloat16,2048,256x256,5894.849,2,8
q27.down     tp2,8704,5120,32,bfloat16,2048,80x128,6360.480,2,8
q27.down     tp2,8704,5120,32,bfloat16,2048,128x256,6515.660,2,8
q27.down     tp2,8704,5120,32,bfloat16,2048,32x32,6550.790,2,8
q27.down     tp2,8704,5120,32,bfloat16,2048,32x128,8201.433,2,8
q27.down     tp2,8704,5120,32,bfloat16,2048,prefill_wmma:smallm_off,9360.591,2,8
q27.down     tp2,8704,5120,32,bfloat16,2048,prefill_wmma,9373.548,2,8
q27.down     tp2,8704,5120,32,bfloat16,2048,256x192,9600.387,2,8
q27.down     tp2,8704,5120,32,bfloat16,2048,16x64,12027.789,2,8
q27.down     tp2,8704,5120,32,bfloat16,2048,16x128,21259.642,2,8
q27.q_proj   tp1,5120,6144,32,bfloat16,1,64x32,142.328,12,11
q27.q_proj   tp1,5120,6144,32,bfloat16,1,128x32,170.119,10,11
q27.q_proj   tp1,5120,6144,32,bfloat16,1,128x64,182.309,10,11
q27.q_proj   tp1,5120,6144,32,bfloat16,1,32x32,198.842,9,11
q27.q_proj   tp1,5120,6144,32,bfloat16,1,64x64,203.076,8,11
q27.q_proj   tp1,5120,6144,32,bfloat16,1,prefill_wmma_ashuffle,228.756,7,11
q27.q_proj   tp1,5120,6144,32,bfloat16,1,prefill_wmma,230.049,7,11
q27.q_proj   tp1,5120,6144,32,bfloat16,1,256x64,239.204,7,11
q27.q_proj   tp1,5120,6144,32,bfloat16,1,128x128,248.161,7,11
q27.q_proj   tp1,5120,6144,32,bfloat16,1,256x128,283.092,6,11
q27.q_proj   tp1,5120,6144,32,bfloat16,1,96x128,288.728,6,11
q27.q_proj   tp1,5120,6144,32,bfloat16,1,192x128,294.735,6,11
q27.q_proj   tp1,5120,6144,32,bfloat16,1,112x128,295.934,6,11
q27.q_proj   tp1,5120,6144,32,bfloat16,1,256x192,317.545,5,11
q27.q_proj   tp1,5120,6144,32,bfloat16,1,256x32,323.561,5,11
q27.q_proj   tp1,5120,6144,32,bfloat16,1,32x64,331.422,5,11
q27.q_proj   tp1,5120,6144,32,bfloat16,1,64x128,349.248,5,11
q27.q_proj   tp1,5120,6144,32,bfloat16,1,80x128,369.730,4,11
q27.q_proj   tp1,5120,6144,32,bfloat16,1,384x128,417.399,4,11
q27.q_proj   tp1,5120,6144,32,bfloat16,1,512x128,466.822,3,11
q27.q_proj   tp1,5120,6144,32,bfloat16,1,32x128,575.790,3,11
q27.q_proj   tp1,5120,6144,32,bfloat16,1,16x64,584.504,3,11
q27.q_proj   tp1,5120,6144,32,bfloat16,1,256x256,598.709,3,11
q27.q_proj   tp1,5120,6144,32,bfloat16,1,128x256,603.169,3,11
q27.q_proj   tp1,5120,6144,32,bfloat16,1,prefill_wmma:smallm_off,778.305,2,11
q27.q_proj   tp1,5120,6144,32,bfloat16,1,512x64,863.217,2,11
q27.q_proj   tp1,5120,6144,32,bfloat16,1,16x128,1006.201,2,11
q27.q_proj   tp1,5120,6144,32,bfloat16,8,64x32,155.663,11,11
q27.q_proj   tp1,5120,6144,32,bfloat16,8,128x64,182.727,9,11
q27.q_proj   tp1,5120,6144,32,bfloat16,8,32x32,192.011,9,11
q27.q_proj   tp1,5120,6144,32,bfloat16,8,128x32,192.971,9,11
q27.q_proj   tp1,5120,6144,32,bfloat16,8,64x64,202.038,8,11
q27.q_proj   tp1,5120,6144,32,bfloat16,8,prefill_wmma,219.994,8,11
q27.q_proj   tp1,5120,6144,32,bfloat16,8,prefill_wmma_ashuffle,222.757,8,11
q27.q_proj   tp1,5120,6144,32,bfloat16,8,256x64,236.796,7,11
q27.q_proj   tp1,5120,6144,32,bfloat16,8,128x128,244.648,7,11
q27.q_proj   tp1,5120,6144,32,bfloat16,8,256x128,274.949,6,11
q27.q_proj   tp1,5120,6144,32,bfloat16,8,96x128,283.613,6,11
q27.q_proj   tp1,5120,6144,32,bfloat16,8,112x128,291.018,6,11
q27.q_proj   tp1,5120,6144,32,bfloat16,8,192x128,291.451,6,11
q27.q_proj   tp1,5120,6144,32,bfloat16,8,256x192,315.473,5,11
q27.q_proj   tp1,5120,6144,32,bfloat16,8,256x32,320.762,5,11
q27.q_proj   tp1,5120,6144,32,bfloat16,8,32x64,327.385,5,11
q27.q_proj   tp1,5120,6144,32,bfloat16,8,64x128,346.892,5,11
q27.q_proj   tp1,5120,6144,32,bfloat16,8,80x128,356.102,5,11
q27.q_proj   tp1,5120,6144,32,bfloat16,8,384x128,391.295,4,11
q27.q_proj   tp1,5120,6144,32,bfloat16,8,512x128,450.032,4,11
q27.q_proj   tp1,5120,6144,32,bfloat16,8,32x128,566.296,3,11
q27.q_proj   tp1,5120,6144,32,bfloat16,8,16x64,582.449,3,11
q27.q_proj   tp1,5120,6144,32,bfloat16,8,128x256,588.265,3,11
q27.q_proj   tp1,5120,6144,32,bfloat16,8,256x256,595.242,3,11
q27.q_proj   tp1,5120,6144,32,bfloat16,8,prefill_wmma:smallm_off,725.857,2,11
q27.q_proj   tp1,5120,6144,32,bfloat16,8,512x64,739.901,2,11
q27.q_proj   tp1,5120,6144,32,bfloat16,8,16x128,1037.363,2,11
q27.q_proj   tp1,5120,6144,32,bfloat16,17,64x32,167.122,10,11
q27.q_proj   tp1,5120,6144,32,bfloat16,17,128x64,182.681,9,11
q27.q_proj   tp1,5120,6144,32,bfloat16,17,128x32,192.263,9,11
q27.q_proj   tp1,5120,6144,32,bfloat16,17,64x64,206.081,8,11
q27.q_proj   tp1,5120,6144,32,bfloat16,17,32x32,219.887,8,11
q27.q_proj   tp1,5120,6144,32,bfloat16,17,256x64,236.913,7,11
q27.q_proj   tp1,5120,6144,32,bfloat16,17,prefill_wmma_ashuffle,237.435,7,11
q27.q_proj   tp1,5120,6144,32,bfloat16,17,128x128,246.127,7,11
q27.q_proj   tp1,5120,6144,32,bfloat16,17,prefill_wmma,253.310,7,11
q27.q_proj   tp1,5120,6144,32,bfloat16,17,256x128,279.738,6,11
q27.q_proj   tp1,5120,6144,32,bfloat16,17,192x128,284.054,6,11
q27.q_proj   tp1,5120,6144,32,bfloat16,17,96x128,289.184,6,11
q27.q_proj   tp1,5120,6144,32,bfloat16,17,112x128,290.737,6,11
q27.q_proj   tp1,5120,6144,32,bfloat16,17,256x192,319.254,5,11
q27.q_proj   tp1,5120,6144,32,bfloat16,17,256x32,320.935,5,11
q27.q_proj   tp1,5120,6144,32,bfloat16,17,80x128,351.466,5,11
q27.q_proj   tp1,5120,6144,32,bfloat16,17,64x128,357.104,5,11
q27.q_proj   tp1,5120,6144,32,bfloat16,17,32x64,357.563,5,11
q27.q_proj   tp1,5120,6144,32,bfloat16,17,384x128,391.658,4,11
q27.q_proj   tp1,5120,6144,32,bfloat16,17,512x128,449.174,4,11
q27.q_proj   tp1,5120,6144,32,bfloat16,17,16x64,575.719,3,11
q27.q_proj   tp1,5120,6144,32,bfloat16,17,128x256,594.568,3,11
q27.q_proj   tp1,5120,6144,32,bfloat16,17,256x256,595.332,3,11
q27.q_proj   tp1,5120,6144,32,bfloat16,17,32x128,602.489,3,11
q27.q_proj   tp1,5120,6144,32,bfloat16,17,512x64,675.546,3,11
q27.q_proj   tp1,5120,6144,32,bfloat16,17,prefill_wmma:smallm_off,701.951,2,11
q27.q_proj   tp1,5120,6144,32,bfloat16,17,16x128,997.024,2,11
q27.q_proj   tp1,5120,6144,32,bfloat16,24,64x32,169.592,10,11
q27.q_proj   tp1,5120,6144,32,bfloat16,24,128x64,182.998,9,11
q27.q_proj   tp1,5120,6144,32,bfloat16,24,128x32,192.350,9,11
q27.q_proj   tp1,5120,6144,32,bfloat16,24,64x64,207.870,8,11
q27.q_proj   tp1,5120,6144,32,bfloat16,24,32x32,215.072,8,11
q27.q_proj   tp1,5120,6144,32,bfloat16,24,prefill_wmma_ashuffle,237.356,7,11
q27.q_proj   tp1,5120,6144,32,bfloat16,24,256x64,237.803,7,11
q27.q_proj   tp1,5120,6144,32,bfloat16,24,128x128,246.707,7,11
q27.q_proj   tp1,5120,6144,32,bfloat16,24,prefill_wmma,254.462,7,11
q27.q_proj   tp1,5120,6144,32,bfloat16,24,256x128,277.900,6,11
q27.q_proj   tp1,5120,6144,32,bfloat16,24,192x128,285.754,6,11
q27.q_proj   tp1,5120,6144,32,bfloat16,24,96x128,288.584,6,11
q27.q_proj   tp1,5120,6144,32,bfloat16,24,112x128,290.758,6,11
q27.q_proj   tp1,5120,6144,32,bfloat16,24,256x192,319.822,5,11
q27.q_proj   tp1,5120,6144,32,bfloat16,24,256x32,321.007,5,11
q27.q_proj   tp1,5120,6144,32,bfloat16,24,32x64,352.093,5,11
q27.q_proj   tp1,5120,6144,32,bfloat16,24,64x128,362.059,4,11
q27.q_proj   tp1,5120,6144,32,bfloat16,24,80x128,386.929,4,11
q27.q_proj   tp1,5120,6144,32,bfloat16,24,384x128,389.805,4,11
q27.q_proj   tp1,5120,6144,32,bfloat16,24,512x128,447.733,4,11
q27.q_proj   tp1,5120,6144,32,bfloat16,24,16x64,590.123,3,11
q27.q_proj   tp1,5120,6144,32,bfloat16,24,32x128,595.381,3,11
q27.q_proj   tp1,5120,6144,32,bfloat16,24,128x256,596.192,3,11
q27.q_proj   tp1,5120,6144,32,bfloat16,24,256x256,596.914,3,11
q27.q_proj   tp1,5120,6144,32,bfloat16,24,512x64,658.971,3,11
q27.q_proj   tp1,5120,6144,32,bfloat16,24,prefill_wmma:smallm_off,680.729,2,11
q27.q_proj   tp1,5120,6144,32,bfloat16,24,16x128,1050.838,2,11
q27.q_proj   tp1,5120,6144,32,bfloat16,32,64x32,169.714,10,11
q27.q_proj   tp1,5120,6144,32,bfloat16,32,128x64,183.257,9,11
q27.q_proj   tp1,5120,6144,32,bfloat16,32,128x32,190.572,9,11
q27.q_proj   tp1,5120,6144,32,bfloat16,32,64x64,206.876,8,11
q27.q_proj   tp1,5120,6144,32,bfloat16,32,32x32,230.435,7,11
q27.q_proj   tp1,5120,6144,32,bfloat16,32,256x64,237.738,7,11
q27.q_proj   tp1,5120,6144,32,bfloat16,32,prefill_wmma_ashuffle,238.252,7,11
q27.q_proj   tp1,5120,6144,32,bfloat16,32,128x128,246.483,7,11
q27.q_proj   tp1,5120,6144,32,bfloat16,32,prefill_wmma,272.878,6,11
q27.q_proj   tp1,5120,6144,32,bfloat16,32,256x128,273.768,6,11
q27.q_proj   tp1,5120,6144,32,bfloat16,32,192x128,285.680,6,11
q27.q_proj   tp1,5120,6144,32,bfloat16,32,96x128,302.615,6,11
q27.q_proj   tp1,5120,6144,32,bfloat16,32,112x128,304.672,5,11
q27.q_proj   tp1,5120,6144,32,bfloat16,32,256x192,319.826,5,11
q27.q_proj   tp1,5120,6144,32,bfloat16,32,256x32,320.767,5,11
q27.q_proj   tp1,5120,6144,32,bfloat16,32,64x128,359.281,5,11
q27.q_proj   tp1,5120,6144,32,bfloat16,32,32x64,374.874,4,11
q27.q_proj   tp1,5120,6144,32,bfloat16,32,80x128,380.858,4,11
q27.q_proj   tp1,5120,6144,32,bfloat16,32,384x128,392.641,4,11
q27.q_proj   tp1,5120,6144,32,bfloat16,32,512x128,447.451,3,11
q27.q_proj   tp1,5120,6144,32,bfloat16,32,256x256,599.028,3,11
q27.q_proj   tp1,5120,6144,32,bfloat16,32,128x256,599.946,3,11
q27.q_proj   tp1,5120,6144,32,bfloat16,32,512x64,610.649,3,11
q27.q_proj   tp1,5120,6144,32,bfloat16,32,16x64,611.910,2,11
q27.q_proj   tp1,5120,6144,32,bfloat16,32,32x128,614.777,2,11
q27.q_proj   tp1,5120,6144,32,bfloat16,32,prefill_wmma:smallm_off,666.780,2,11
q27.q_proj   tp1,5120,6144,32,bfloat16,32,16x128,1061.767,2,11
q27.q_proj   tp1,5120,6144,32,bfloat16,48,128x64,177.532,9,11
q27.q_proj   tp1,5120,6144,32,bfloat16,48,64x32,185.191,9,11
q27.q_proj   tp1,5120,6144,32,bfloat16,48,128x32,192.285,9,11
q27.q_proj   tp1,5120,6144,32,bfloat16,48,64x64,216.014,8,11
q27.q_proj   tp1,5120,6144,32,bfloat16,48,256x64,222.010,8,11
q27.q_proj   tp1,5120,6144,32,bfloat16,48,32x32,248.137,6,11
q27.q_proj   tp1,5120,6144,32,bfloat16,48,prefill_wmma_ashuffle,248.645,7,11
q27.q_proj   tp1,5120,6144,32,bfloat16,48,128x128,251.094,7,11
q27.q_proj   tp1,5120,6144,32,bfloat16,48,256x128,270.606,6,11
q27.q_proj   tp1,5120,6144,32,bfloat16,48,192x128,282.516,6,11
q27.q_proj   tp1,5120,6144,32,bfloat16,48,256x32,299.366,6,11
q27.q_proj   tp1,5120,6144,32,bfloat16,48,prefill_wmma,301.275,6,11
q27.q_proj   tp1,5120,6144,32,bfloat16,48,32x64,311.233,5,11
q27.q_proj   tp1,5120,6144,32,bfloat16,48,256x192,321.076,5,11
q27.q_proj   tp1,5120,6144,32,bfloat16,48,112x128,321.336,5,11
q27.q_proj   tp1,5120,6144,32,bfloat16,48,96x128,323.135,5,11
q27.q_proj   tp1,5120,6144,32,bfloat16,48,384x128,381.678,4,11
q27.q_proj   tp1,5120,6144,32,bfloat16,48,64x128,386.355,4,11
q27.q_proj   tp1,5120,6144,32,bfloat16,48,80x128,392.928,4,11
q27.q_proj   tp1,5120,6144,32,bfloat16,48,512x128,439.214,4,11
q27.q_proj   tp1,5120,6144,32,bfloat16,48,512x64,518.801,3,11
q27.q_proj   tp1,5120,6144,32,bfloat16,48,32x128,584.317,3,11
q27.q_proj   tp1,5120,6144,32,bfloat16,48,256x256,601.634,3,11
q27.q_proj   tp1,5120,6144,32,bfloat16,48,128x256,606.946,2,11
q27.q_proj   tp1,5120,6144,32,bfloat16,48,16x64,622.508,2,11
q27.q_proj   tp1,5120,6144,32,bfloat16,48,prefill_wmma:smallm_off,683.704,2,11
q27.q_proj   tp1,5120,6144,32,bfloat16,48,16x128,1056.072,2,11
q27.q_proj   tp1,5120,6144,32,bfloat16,63,128x64,177.238,10,11
q27.q_proj   tp1,5120,6144,32,bfloat16,63,128x32,188.150,9,11
q27.q_proj   tp1,5120,6144,32,bfloat16,63,64x32,189.900,9,11
q27.q_proj   tp1,5120,6144,32,bfloat16,63,256x64,221.295,8,11
q27.q_proj   tp1,5120,6144,32,bfloat16,63,64x64,227.944,7,11
q27.q_proj   tp1,5120,6144,32,bfloat16,63,128x128,243.908,7,11
q27.q_proj   tp1,5120,6144,32,bfloat16,63,prefill_wmma_ashuffle,251.158,7,11
q27.q_proj   tp1,5120,6144,32,bfloat16,63,32x32,255.750,7,11
q27.q_proj   tp1,5120,6144,32,bfloat16,63,256x128,256.610,6,11
q27.q_proj   tp1,5120,6144,32,bfloat16,63,192x128,286.103,6,11
q27.q_proj   tp1,5120,6144,32,bfloat16,63,256x32,299.184,6,11
q27.q_proj   tp1,5120,6144,32,bfloat16,63,256x192,317.746,5,11
q27.q_proj   tp1,5120,6144,32,bfloat16,63,prefill_wmma,319.549,5,11
q27.q_proj   tp1,5120,6144,32,bfloat16,63,112x128,331.265,5,11
q27.q_proj   tp1,5120,6144,32,bfloat16,63,96x128,336.023,5,11
q27.q_proj   tp1,5120,6144,32,bfloat16,63,384x128,374.570,4,11
q27.q_proj   tp1,5120,6144,32,bfloat16,63,32x64,398.725,4,11
q27.q_proj   tp1,5120,6144,32,bfloat16,63,64x128,403.498,4,11
q27.q_proj   tp1,5120,6144,32,bfloat16,63,80x128,418.001,4,11
q27.q_proj   tp1,5120,6144,32,bfloat16,63,512x128,427.049,4,11
q27.q_proj   tp1,5120,6144,32,bfloat16,63,512x64,506.391,3,11
q27.q_proj   tp1,5120,6144,32,bfloat16,63,256x256,602.560,3,11
q27.q_proj   tp1,5120,6144,32,bfloat16,63,32x128,608.175,2,11
q27.q_proj   tp1,5120,6144,32,bfloat16,63,128x256,611.308,2,11
q27.q_proj   tp1,5120,6144,32,bfloat16,63,16x64,625.412,2,11
q27.q_proj   tp1,5120,6144,32,bfloat16,63,prefill_wmma:smallm_off,695.360,2,11
q27.q_proj   tp1,5120,6144,32,bfloat16,63,16x128,1067.456,2,11
q27.q_proj   tp1,5120,6144,32,bfloat16,64,128x64,173.838,10,11
q27.q_proj   tp1,5120,6144,32,bfloat16,64,128x32,187.001,9,11
q27.q_proj   tp1,5120,6144,32,bfloat16,64,64x32,194.294,9,11
q27.q_proj   tp1,5120,6144,32,bfloat16,64,256x64,222.868,8,11
q27.q_proj   tp1,5120,6144,32,bfloat16,64,64x64,227.824,7,11
q27.q_proj   tp1,5120,6144,32,bfloat16,64,128x128,246.159,7,11
q27.q_proj   tp1,5120,6144,32,bfloat16,64,prefill_wmma_ashuffle,249.774,7,11
q27.q_proj   tp1,5120,6144,32,bfloat16,64,32x32,255.227,7,11
q27.q_proj   tp1,5120,6144,32,bfloat16,64,256x128,259.454,7,11
q27.q_proj   tp1,5120,6144,32,bfloat16,64,192x128,288.400,6,11
q27.q_proj   tp1,5120,6144,32,bfloat16,64,256x32,298.911,6,11
q27.q_proj   tp1,5120,6144,32,bfloat16,64,256x192,322.476,5,11
q27.q_proj   tp1,5120,6144,32,bfloat16,64,prefill_wmma,322.581,5,11
q27.q_proj   tp1,5120,6144,32,bfloat16,64,96x128,331.315,5,11
q27.q_proj   tp1,5120,6144,32,bfloat16,64,112x128,333.884,5,11
q27.q_proj   tp1,5120,6144,32,bfloat16,64,384x128,372.660,4,11
q27.q_proj   tp1,5120,6144,32,bfloat16,64,64x128,397.896,4,11
q27.q_proj   tp1,5120,6144,32,bfloat16,64,32x64,403.549,4,11
q27.q_proj   tp1,5120,6144,32,bfloat16,64,80x128,418.002,4,11
q27.q_proj   tp1,5120,6144,32,bfloat16,64,512x128,434.064,4,11
q27.q_proj   tp1,5120,6144,32,bfloat16,64,512x64,505.780,3,11
q27.q_proj   tp1,5120,6144,32,bfloat16,64,256x256,600.888,3,11
q27.q_proj   tp1,5120,6144,32,bfloat16,64,128x256,612.136,2,11
q27.q_proj   tp1,5120,6144,32,bfloat16,64,32x128,612.801,2,11
q27.q_proj   tp1,5120,6144,32,bfloat16,64,16x64,620.899,2,11
q27.q_proj   tp1,5120,6144,32,bfloat16,64,prefill_wmma:smallm_off,697.128,2,11
q27.q_proj   tp1,5120,6144,32,bfloat16,64,16x128,1078.865,2,11
q27.q_proj   tp1,5120,6144,32,bfloat16,96,128x64,189.234,9,11
q27.q_proj   tp1,5120,6144,32,bfloat16,96,128x32,202.347,8,11
q27.q_proj   tp1,5120,6144,32,bfloat16,96,256x64,235.954,7,11
q27.q_proj   tp1,5120,6144,32,bfloat16,96,64x32,249.770,6,11
q27.q_proj   tp1,5120,6144,32,bfloat16,96,128x128,250.064,7,11
q27.q_proj   tp1,5120,6144,32,bfloat16,96,256x128,253.831,6,11
q27.q_proj   tp1,5120,6144,32,bfloat16,96,64x64,258.170,6,11
q27.q_proj   tp1,5120,6144,32,bfloat16,96,32x32,274.007,6,11
q27.q_proj   tp1,5120,6144,32,bfloat16,96,192x128,276.476,6,11
q27.q_proj   tp1,5120,6144,32,bfloat16,96,prefill_wmma_ashuffle,283.564,6,11
q27.q_proj   tp1,5120,6144,32,bfloat16,96,256x32,326.669,5,11
q27.q_proj   tp1,5120,6144,32,bfloat16,96,256x192,332.778,5,11
q27.q_proj   tp1,5120,6144,32,bfloat16,96,112x128,339.224,5,11
q27.q_proj   tp1,5120,6144,32,bfloat16,96,96x128,340.239,5,11
q27.q_proj   tp1,5120,6144,32,bfloat16,96,prefill_wmma,352.499,5,11
q27.q_proj   tp1,5120,6144,32,bfloat16,96,80x128,358.995,5,11
q27.q_proj   tp1,5120,6144,32,bfloat16,96,64x128,360.559,5,11
q27.q_proj   tp1,5120,6144,32,bfloat16,96,32x64,385.059,4,11
q27.q_proj   tp1,5120,6144,32,bfloat16,96,384x128,389.329,4,11
q27.q_proj   tp1,5120,6144,32,bfloat16,96,512x128,442.935,4,11
q27.q_proj   tp1,5120,6144,32,bfloat16,96,512x64,510.068,3,11
q27.q_proj   tp1,5120,6144,32,bfloat16,96,256x256,618.376,2,11
q27.q_proj   tp1,5120,6144,32,bfloat16,96,32x128,627.521,2,11
q27.q_proj   tp1,5120,6144,32,bfloat16,96,128x256,632.172,2,11
q27.q_proj   tp1,5120,6144,32,bfloat16,96,16x64,632.941,2,11
q27.q_proj   tp1,5120,6144,32,bfloat16,96,prefill_wmma:smallm_off,785.045,2,11
q27.q_proj   tp1,5120,6144,32,bfloat16,96,16x128,1061.896,2,11
q27.q_proj   tp1,5120,6144,32,bfloat16,128,128x64,205.694,8,11
q27.q_proj   tp1,5120,6144,32,bfloat16,128,128x32,221.589,8,11
q27.q_proj   tp1,5120,6144,32,bfloat16,128,256x64,239.571,7,11
q27.q_proj   tp1,5120,6144,32,bfloat16,128,64x32,253.114,6,11
q27.q_proj   tp1,5120,6144,32,bfloat16,128,256x128,254.645,6,11
q27.q_proj   tp1,5120,6144,32,bfloat16,128,64x64,261.214,6,11
q27.q_proj   tp1,5120,6144,32,bfloat16,128,128x128,263.668,6,11
q27.q_proj   tp1,5120,6144,32,bfloat16,128,192x128,285.504,6,11
q27.q_proj   tp1,5120,6144,32,bfloat16,128,prefill_wmma_ashuffle,304.819,5,11
q27.q_proj   tp1,5120,6144,32,bfloat16,128,96x128,317.263,5,11
q27.q_proj   tp1,5120,6144,32,bfloat16,128,112x128,328.268,5,11
q27.q_proj   tp1,5120,6144,32,bfloat16,128,32x32,330.100,4,11
q27.q_proj   tp1,5120,6144,32,bfloat16,128,256x32,331.837,5,11
q27.q_proj   tp1,5120,6144,32,bfloat16,128,256x192,341.620,5,11
q27.q_proj   tp1,5120,6144,32,bfloat16,128,32x64,412.105,4,11
q27.q_proj   tp1,5120,6144,32,bfloat16,128,80x128,423.354,4,11
q27.q_proj   tp1,5120,6144,32,bfloat16,128,64x128,424.015,4,11
q27.q_proj   tp1,5120,6144,32,bfloat16,128,384x128,427.162,4,11
q27.q_proj   tp1,5120,6144,32,bfloat16,128,512x128,460.291,3,11
q27.q_proj   tp1,5120,6144,32,bfloat16,128,512x64,514.257,3,11
q27.q_proj   tp1,5120,6144,32,bfloat16,128,256x256,626.929,2,11
q27.q_proj   tp1,5120,6144,32,bfloat16,128,32x128,632.716,2,11
q27.q_proj   tp1,5120,6144,32,bfloat16,128,128x256,652.911,2,11
q27.q_proj   tp1,5120,6144,32,bfloat16,128,16x64,670.065,2,11
q27.q_proj   tp1,5120,6144,32,bfloat16,128,prefill_wmma:smallm_off,806.380,2,11
q27.q_proj   tp1,5120,6144,32,bfloat16,128,prefill_wmma,817.260,2,11
q27.q_proj   tp1,5120,6144,32,bfloat16,128,16x128,1115.873,2,11
q27.q_proj   tp1,5120,6144,32,bfloat16,192,256x64,257.601,7,11
q27.q_proj   tp1,5120,6144,32,bfloat16,192,256x128,269.963,6,11
q27.q_proj   tp1,5120,6144,32,bfloat16,192,128x64,276.733,6,11
q27.q_proj   tp1,5120,6144,32,bfloat16,192,192x128,293.722,6,11
q27.q_proj   tp1,5120,6144,32,bfloat16,192,128x128,302.350,5,11
q27.q_proj   tp1,5120,6144,32,bfloat16,192,64x64,311.470,5,11
q27.q_proj   tp1,5120,6144,32,bfloat16,192,112x128,333.775,5,11
q27.q_proj   tp1,5120,6144,32,bfloat16,192,256x192,354.536,5,11
q27.q_proj   tp1,5120,6144,32,bfloat16,192,256x32,368.216,4,11
q27.q_proj   tp1,5120,6144,32,bfloat16,192,96x128,370.454,5,11
q27.q_proj   tp1,5120,6144,32,bfloat16,192,prefill_wmma_ashuffle,374.745,4,11
q27.q_proj   tp1,5120,6144,32,bfloat16,192,128x32,389.796,4,11
q27.q_proj   tp1,5120,6144,32,bfloat16,192,64x32,391.433,4,11
q27.q_proj   tp1,5120,6144,32,bfloat16,192,64x128,421.444,4,11
q27.q_proj   tp1,5120,6144,32,bfloat16,192,384x128,439.380,4,11
q27.q_proj   tp1,5120,6144,32,bfloat16,192,32x64,459.947,3,11
q27.q_proj   tp1,5120,6144,32,bfloat16,192,512x128,491.351,3,11
q27.q_proj   tp1,5120,6144,32,bfloat16,192,32x32,553.056,3,11
q27.q_proj   tp1,5120,6144,32,bfloat16,192,512x64,579.975,3,11
q27.q_proj   tp1,5120,6144,32,bfloat16,192,256x256,644.900,2,11
q27.q_proj   tp1,5120,6144,32,bfloat16,192,32x128,652.080,2,11
q27.q_proj   tp1,5120,6144,32,bfloat16,192,128x256,719.959,2,11
q27.q_proj   tp1,5120,6144,32,bfloat16,192,80x128,852.371,2,11
q27.q_proj   tp1,5120,6144,32,bfloat16,192,prefill_wmma:smallm_off,931.429,2,11
q27.q_proj   tp1,5120,6144,32,bfloat16,192,prefill_wmma,941.711,2,11
q27.q_proj   tp1,5120,6144,32,bfloat16,192,16x128,1104.119,2,11
q27.q_proj   tp1,5120,6144,32,bfloat16,192,16x64,1726.643,2,11
q27.q_proj   tp1,5120,6144,32,bfloat16,256,256x64,278.244,6,11
q27.q_proj   tp1,5120,6144,32,bfloat16,256,256x128,280.069,6,11
q27.q_proj   tp1,5120,6144,32,bfloat16,256,128x64,301.808,6,11
q27.q_proj   tp1,5120,6144,32,bfloat16,256,128x128,316.340,5,11
q27.q_proj   tp1,5120,6144,32,bfloat16,256,256x192,374.961,4,11
q27.q_proj   tp1,5120,6144,32,bfloat16,256,64x64,382.325,4,11
q27.q_proj   tp1,5120,6144,32,bfloat16,256,128x32,400.110,4,11
q27.q_proj   tp1,5120,6144,32,bfloat16,256,256x32,401.571,4,11
q27.q_proj   tp1,5120,6144,32,bfloat16,256,64x32,445.127,4,11
q27.q_proj   tp1,5120,6144,32,bfloat16,256,prefill_wmma_ashuffle,449.352,4,11
q27.q_proj   tp1,5120,6144,32,bfloat16,256,384x128,454.136,3,11
q27.q_proj   tp1,5120,6144,32,bfloat16,256,64x128,462.955,3,11
q27.q_proj   tp1,5120,6144,32,bfloat16,256,512x128,483.226,3,11
q27.q_proj   tp1,5120,6144,32,bfloat16,256,192x128,562.671,3,11
q27.q_proj   tp1,5120,6144,32,bfloat16,256,32x64,580.365,3,11
q27.q_proj   tp1,5120,6144,32,bfloat16,256,32x32,581.479,3,11
q27.q_proj   tp1,5120,6144,32,bfloat16,256,112x128,588.163,3,11
q27.q_proj   tp1,5120,6144,32,bfloat16,256,512x64,588.791,3,11
q27.q_proj   tp1,5120,6144,32,bfloat16,256,96x128,594.786,2,11
q27.q_proj   tp1,5120,6144,32,bfloat16,256,256x256,667.296,2,11
q27.q_proj   tp1,5120,6144,32,bfloat16,256,32x128,718.130,2,11
q27.q_proj   tp1,5120,6144,32,bfloat16,256,128x256,741.252,2,11
q27.q_proj   tp1,5120,6144,32,bfloat16,256,prefill_wmma:smallm_off,1078.471,2,11
q27.q_proj   tp1,5120,6144,32,bfloat16,256,prefill_wmma,1080.556,2,11
q27.q_proj   tp1,5120,6144,32,bfloat16,256,80x128,1467.024,2,11
q27.q_proj   tp1,5120,6144,32,bfloat16,256,16x64,2336.093,2,11
q27.q_proj   tp1,5120,6144,32,bfloat16,256,16x128,3130.564,2,11
q27.q_proj   tp1,5120,6144,32,bfloat16,512,256x128,500.277,3,11
q27.q_proj   tp1,5120,6144,32,bfloat16,512,256x64,534.327,3,11
q27.q_proj   tp1,5120,6144,32,bfloat16,512,128x64,553.975,3,11
q27.q_proj   tp1,5120,6144,32,bfloat16,512,512x64,676.686,2,11
q27.q_proj   tp1,5120,6144,32,bfloat16,512,512x128,710.495,2,11
q27.q_proj   tp1,5120,6144,32,bfloat16,512,384x128,711.010,2,11
q27.q_proj   tp1,5120,6144,32,bfloat16,512,256x32,718.310,2,11
q27.q_proj   tp1,5120,6144,32,bfloat16,512,128x32,736.243,2,11
q27.q_proj   tp1,5120,6144,32,bfloat16,512,64x64,751.392,2,11
q27.q_proj   tp1,5120,6144,32,bfloat16,512,128x128,767.263,2,11
q27.q_proj   tp1,5120,6144,32,bfloat16,512,prefill_wmma_ashuffle,787.042,2,11
q27.q_proj   tp1,5120,6144,32,bfloat16,512,192x128,793.451,2,11
q27.q_proj   tp1,5120,6144,32,bfloat16,512,64x32,826.389,2,11
q27.q_proj   tp1,5120,6144,32,bfloat16,512,96x128,914.885,2,11
q27.q_proj   tp1,5120,6144,32,bfloat16,512,32x32,1119.504,2,11
q27.q_proj   tp1,5120,6144,32,bfloat16,512,32x64,1376.566,2,11
q27.q_proj   tp1,5120,6144,32,bfloat16,512,256x192,1496.157,2,11
q27.q_proj   tp1,5120,6144,32,bfloat16,512,256x256,1524.850,2,11
q27.q_proj   tp1,5120,6144,32,bfloat16,512,112x128,1639.198,2,11
q27.q_proj   tp1,5120,6144,32,bfloat16,512,prefill_wmma:smallm_off,1659.995,2,11
q27.q_proj   tp1,5120,6144,32,bfloat16,512,prefill_wmma,1676.783,2,11
q27.q_proj   tp1,5120,6144,32,bfloat16,512,128x256,1689.367,2,11
q27.q_proj   tp1,5120,6144,32,bfloat16,512,64x128,2023.644,2,11
q27.q_proj   tp1,5120,6144,32,bfloat16,512,80x128,2205.119,2,11
q27.q_proj   tp1,5120,6144,32,bfloat16,512,32x128,2386.043,2,11
q27.q_proj   tp1,5120,6144,32,bfloat16,512,16x64,3378.549,2,11
q27.q_proj   tp1,5120,6144,32,bfloat16,512,16x128,4591.491,2,11
q27.q_proj   tp1,5120,6144,32,bfloat16,1024,256x128,850.144,2,11
q27.q_proj   tp1,5120,6144,32,bfloat16,1024,256x64,1049.460,2,11
q27.q_proj   tp1,5120,6144,32,bfloat16,1024,128x64,1162.947,2,11
q27.q_proj   tp1,5120,6144,32,bfloat16,1024,512x128,1171.689,2,11
q27.q_proj   tp1,5120,6144,32,bfloat16,1024,128x128,1284.270,2,11
q27.q_proj   tp1,5120,6144,32,bfloat16,1024,prefill_wmma_ashuffle,1380.955,2,11
q27.q_proj   tp1,5120,6144,32,bfloat16,1024,384x128,1391.312,2,11
q27.q_proj   tp1,5120,6144,32,bfloat16,1024,256x32,1453.200,2,11
q27.q_proj   tp1,5120,6144,32,bfloat16,1024,128x32,1487.460,2,11
q27.q_proj   tp1,5120,6144,32,bfloat16,1024,512x64,1538.630,2,11
q27.q_proj   tp1,5120,6144,32,bfloat16,1024,64x32,1613.951,2,11
q27.q_proj   tp1,5120,6144,32,bfloat16,1024,64x64,1616.211,2,11
q27.q_proj   tp1,5120,6144,32,bfloat16,1024,112x128,1626.506,2,11
q27.q_proj   tp1,5120,6144,32,bfloat16,1024,192x128,1632.609,2,11
q27.q_proj   tp1,5120,6144,32,bfloat16,1024,32x32,2111.923,2,11
q27.q_proj   tp1,5120,6144,32,bfloat16,1024,32x64,2202.181,2,11
q27.q_proj   tp1,5120,6144,32,bfloat16,1024,256x256,2221.748,2,11
q27.q_proj   tp1,5120,6144,32,bfloat16,1024,128x256,2445.297,2,11
q27.q_proj   tp1,5120,6144,32,bfloat16,1024,64x128,2463.635,2,11
q27.q_proj   tp1,5120,6144,32,bfloat16,1024,96x128,2522.498,2,11
q27.q_proj   tp1,5120,6144,32,bfloat16,1024,prefill_wmma,3219.369,2,11
q27.q_proj   tp1,5120,6144,32,bfloat16,1024,prefill_wmma:smallm_off,3227.305,2,11
q27.q_proj   tp1,5120,6144,32,bfloat16,1024,256x192,3491.778,2,11
q27.q_proj   tp1,5120,6144,32,bfloat16,1024,32x128,3586.170,2,11
q27.q_proj   tp1,5120,6144,32,bfloat16,1024,80x128,4059.788,2,11
q27.q_proj   tp1,5120,6144,32,bfloat16,1024,16x64,5132.217,2,11
q27.q_proj   tp1,5120,6144,32,bfloat16,1024,16x128,9430.582,2,11
q27.q_proj   tp1,5120,6144,32,bfloat16,2048,256x128,1810.148,2,11
q27.q_proj   tp1,5120,6144,32,bfloat16,2048,512x128,1897.486,2,11
q27.q_proj   tp1,5120,6144,32,bfloat16,2048,128x128,2229.497,2,11
q27.q_proj   tp1,5120,6144,32,bfloat16,2048,256x64,2233.043,2,11
q27.q_proj   tp1,5120,6144,32,bfloat16,2048,128x64,2268.262,2,11
q27.q_proj   tp1,5120,6144,32,bfloat16,2048,384x128,2376.314,2,11
q27.q_proj   tp1,5120,6144,32,bfloat16,2048,prefill_wmma_ashuffle,2669.563,2,11
q27.q_proj   tp1,5120,6144,32,bfloat16,2048,192x128,2684.236,2,11
q27.q_proj   tp1,5120,6144,32,bfloat16,2048,512x64,2836.282,2,11
q27.q_proj   tp1,5120,6144,32,bfloat16,2048,256x32,2870.677,2,11
q27.q_proj   tp1,5120,6144,32,bfloat16,2048,64x64,2898.627,2,11
q27.q_proj   tp1,5120,6144,32,bfloat16,2048,128x32,2973.915,2,11
q27.q_proj   tp1,5120,6144,32,bfloat16,2048,112x128,3055.265,2,11
q27.q_proj   tp1,5120,6144,32,bfloat16,2048,96x128,3063.269,2,11
q27.q_proj   tp1,5120,6144,32,bfloat16,2048,64x32,3255.549,2,11
q27.q_proj   tp1,5120,6144,32,bfloat16,2048,64x128,3892.329,2,11
q27.q_proj   tp1,5120,6144,32,bfloat16,2048,32x64,4081.941,2,11
q27.q_proj   tp1,5120,6144,32,bfloat16,2048,256x256,4275.569,2,11
q27.q_proj   tp1,5120,6144,32,bfloat16,2048,32x32,4316.270,2,11
q27.q_proj   tp1,5120,6144,32,bfloat16,2048,80x128,4568.060,2,11
q27.q_proj   tp1,5120,6144,32,bfloat16,2048,128x256,4709.908,2,11
q27.q_proj   tp1,5120,6144,32,bfloat16,2048,256x192,5474.338,2,11
q27.q_proj   tp1,5120,6144,32,bfloat16,2048,prefill_wmma,6366.157,2,11
q27.q_proj   tp1,5120,6144,32,bfloat16,2048,prefill_wmma:smallm_off,6380.339,2,11
q27.q_proj   tp1,5120,6144,32,bfloat16,2048,32x128,6412.889,2,11
q27.q_proj   tp1,5120,6144,32,bfloat16,2048,16x64,8527.506,2,11
q27.q_proj   tp1,5120,6144,32,bfloat16,2048,16x128,15713.201,2,11
lag.gate_up  tp2,2048,8192,32,bfloat16,1,64x32,72.277,14,19
lag.gate_up  tp2,2048,8192,32,bfloat16,1,32x32,87.937,11,19
lag.gate_up  tp2,2048,8192,32,bfloat16,1,128x32,88.026,11,19
lag.gate_up  tp2,2048,8192,32,bfloat16,1,64x64,91.762,11,19
lag.gate_up  tp2,2048,8192,32,bfloat16,1,128x128,103.552,10,19
lag.gate_up  tp2,2048,8192,32,bfloat16,1,128x64,104.522,9,19
lag.gate_up  tp2,2048,8192,32,bfloat16,1,96x128,117.208,8,19
lag.gate_up  tp2,2048,8192,32,bfloat16,1,256x128,122.697,8,19
lag.gate_up  tp2,2048,8192,32,bfloat16,1,prefill_wmma_ashuffle,134.874,7,19
lag.gate_up  tp2,2048,8192,32,bfloat16,1,prefill_wmma,135.694,7,19
lag.gate_up  tp2,2048,8192,32,bfloat16,1,192x128,136.831,7,19
lag.gate_up  tp2,2048,8192,32,bfloat16,1,112x128,146.836,7,19
lag.gate_up  tp2,2048,8192,32,bfloat16,1,256x32,171.187,6,19
lag.gate_up  tp2,2048,8192,32,bfloat16,1,256x64,177.642,5,19
lag.gate_up  tp2,2048,8192,32,bfloat16,1,64x128,217.017,4,19
lag.gate_up  tp2,2048,8192,32,bfloat16,1,80x128,222.487,4,19
lag.gate_up  tp2,2048,8192,32,bfloat16,1,32x64,223.196,4,19
lag.gate_up  tp2,2048,8192,32,bfloat16,1,384x128,236.695,4,19
lag.gate_up  tp2,2048,8192,32,bfloat16,1,128x256,254.468,4,19
lag.gate_up  tp2,2048,8192,32,bfloat16,1,512x128,265.065,3,19
lag.gate_up  tp2,2048,8192,32,bfloat16,1,256x256,296.738,3,19
lag.gate_up  tp2,2048,8192,32,bfloat16,1,256x192,340.730,3,19
lag.gate_up  tp2,2048,8192,32,bfloat16,1,32x128,357.295,2,19
lag.gate_up  tp2,2048,8192,32,bfloat16,1,prefill_wmma:smallm_off,360.930,2,19
lag.gate_up  tp2,2048,8192,32,bfloat16,1,16x64,375.536,2,19
lag.gate_up  tp2,2048,8192,32,bfloat16,1,512x64,499.925,2,19
lag.gate_up  tp2,2048,8192,32,bfloat16,1,16x128,525.862,2,19
lag.gate_up  tp2,2048,8192,32,bfloat16,8,32x32,87.792,11,19
lag.gate_up  tp2,2048,8192,32,bfloat16,8,64x32,95.893,10,19
lag.gate_up  tp2,2048,8192,32,bfloat16,8,64x64,97.739,10,19
lag.gate_up  tp2,2048,8192,32,bfloat16,8,128x64,103.558,10,19
lag.gate_up  tp2,2048,8192,32,bfloat16,8,128x32,112.603,9,19
lag.gate_up  tp2,2048,8192,32,bfloat16,8,128x128,113.795,9,19
lag.gate_up  tp2,2048,8192,32,bfloat16,8,256x128,120.520,8,19
lag.gate_up  tp2,2048,8192,32,bfloat16,8,prefill_wmma_ashuffle,134.820,7,19
lag.gate_up  tp2,2048,8192,32,bfloat16,8,96x128,135.977,7,19
lag.gate_up  tp2,2048,8192,32,bfloat16,8,192x128,137.761,7,19
lag.gate_up  tp2,2048,8192,32,bfloat16,8,prefill_wmma,138.872,7,19
lag.gate_up  tp2,2048,8192,32,bfloat16,8,112x128,159.367,6,19
lag.gate_up  tp2,2048,8192,32,bfloat16,8,256x32,173.126,6,19
lag.gate_up  tp2,2048,8192,32,bfloat16,8,256x64,191.740,5,19
lag.gate_up  tp2,2048,8192,32,bfloat16,8,64x128,215.580,5,19
lag.gate_up  tp2,2048,8192,32,bfloat16,8,80x128,220.074,4,19
lag.gate_up  tp2,2048,8192,32,bfloat16,8,32x64,223.490,4,19
lag.gate_up  tp2,2048,8192,32,bfloat16,8,384x128,238.004,4,19
lag.gate_up  tp2,2048,8192,32,bfloat16,8,128x256,254.095,4,19
lag.gate_up  tp2,2048,8192,32,bfloat16,8,512x128,264.973,3,19
lag.gate_up  tp2,2048,8192,32,bfloat16,8,256x256,304.392,3,19
lag.gate_up  tp2,2048,8192,32,bfloat16,8,32x128,354.324,2,19
lag.gate_up  tp2,2048,8192,32,bfloat16,8,prefill_wmma:smallm_off,357.980,2,19
lag.gate_up  tp2,2048,8192,32,bfloat16,8,256x192,363.244,2,19
lag.gate_up  tp2,2048,8192,32,bfloat16,8,16x64,381.338,2,19
lag.gate_up  tp2,2048,8192,32,bfloat16,8,512x64,500.062,2,19
lag.gate_up  tp2,2048,8192,32,bfloat16,8,16x128,519.221,2,19
lag.gate_up  tp2,2048,8192,32,bfloat16,17,64x32,85.431,11,19
lag.gate_up  tp2,2048,8192,32,bfloat16,17,64x64,96.770,10,19
lag.gate_up  tp2,2048,8192,32,bfloat16,17,32x32,97.158,10,19
lag.gate_up  tp2,2048,8192,32,bfloat16,17,128x64,103.920,10,19
lag.gate_up  tp2,2048,8192,32,bfloat16,17,128x32,113.566,10,19
lag.gate_up  tp2,2048,8192,32,bfloat16,17,128x128,113.865,9,19
lag.gate_up  tp2,2048,8192,32,bfloat16,17,256x128,129.307,8,19
lag.gate_up  tp2,2048,8192,32,bfloat16,17,192x128,138.823,8,19
lag.gate_up  tp2,2048,8192,32,bfloat16,17,prefill_wmma_ashuffle,139.512,7,19
lag.gate_up  tp2,2048,8192,32,bfloat16,17,prefill_wmma,145.198,7,19
lag.gate_up  tp2,2048,8192,32,bfloat16,17,96x128,148.308,7,19
lag.gate_up  tp2,2048,8192,32,bfloat16,17,256x32,172.472,5,19
lag.gate_up  tp2,2048,8192,32,bfloat16,17,112x128,176.099,6,19
lag.gate_up  tp2,2048,8192,32,bfloat16,17,256x64,189.966,6,19
lag.gate_up  tp2,2048,8192,32,bfloat16,17,80x128,224.772,4,19
lag.gate_up  tp2,2048,8192,32,bfloat16,17,32x64,229.883,4,19
lag.gate_up  tp2,2048,8192,32,bfloat16,17,64x128,230.747,4,19
lag.gate_up  tp2,2048,8192,32,bfloat16,17,384x128,237.975,4,19
lag.gate_up  tp2,2048,8192,32,bfloat16,17,128x256,256.452,4,19
lag.gate_up  tp2,2048,8192,32,bfloat16,17,512x128,262.565,4,19
lag.gate_up  tp2,2048,8192,32,bfloat16,17,256x256,304.422,3,19
lag.gate_up  tp2,2048,8192,32,bfloat16,17,16x64,339.542,3,19
lag.gate_up  tp2,2048,8192,32,bfloat16,17,256x192,358.196,2,19
lag.gate_up  tp2,2048,8192,32,bfloat16,17,prefill_wmma:smallm_off,364.694,2,19
lag.gate_up  tp2,2048,8192,32,bfloat16,17,32x128,381.341,2,19
lag.gate_up  tp2,2048,8192,32,bfloat16,17,16x128,490.630,2,19
lag.gate_up  tp2,2048,8192,32,bfloat16,17,512x64,501.505,2,19
lag.gate_up  tp2,2048,8192,32,bfloat16,24,64x32,88.378,12,19
lag.gate_up  tp2,2048,8192,32,bfloat16,24,64x64,97.812,10,19
lag.gate_up  tp2,2048,8192,32,bfloat16,24,32x32,98.844,10,19
lag.gate_up  tp2,2048,8192,32,bfloat16,24,128x64,104.003,11,19
lag.gate_up  tp2,2048,8192,32,bfloat16,24,128x128,114.184,9,19
lag.gate_up  tp2,2048,8192,32,bfloat16,24,128x32,114.898,9,19
lag.gate_up  tp2,2048,8192,32,bfloat16,24,256x128,124.474,9,19
lag.gate_up  tp2,2048,8192,32,bfloat16,24,192x128,138.314,7,19
lag.gate_up  tp2,2048,8192,32,bfloat16,24,prefill_wmma_ashuffle,140.343,7,19
lag.gate_up  tp2,2048,8192,32,bfloat16,24,96x128,150.299,8,19
lag.gate_up  tp2,2048,8192,32,bfloat16,24,prefill_wmma,153.387,6,19
lag.gate_up  tp2,2048,8192,32,bfloat16,24,112x128,171.418,6,19
lag.gate_up  tp2,2048,8192,32,bfloat16,24,256x32,173.483,5,19
lag.gate_up  tp2,2048,8192,32,bfloat16,24,256x64,199.657,6,19
lag.gate_up  tp2,2048,8192,32,bfloat16,24,32x64,230.807,4,19
lag.gate_up  tp2,2048,8192,32,bfloat16,24,384x128,236.550,4,19
lag.gate_up  tp2,2048,8192,32,bfloat16,24,128x256,256.970,4,19
lag.gate_up  tp2,2048,8192,32,bfloat16,24,512x128,258.778,4,19
lag.gate_up  tp2,2048,8192,32,bfloat16,24,64x128,291.462,3,19
lag.gate_up  tp2,2048,8192,32,bfloat16,24,256x256,301.494,3,19
lag.gate_up  tp2,2048,8192,32,bfloat16,24,80x128,327.794,3,19
lag.gate_up  tp2,2048,8192,32,bfloat16,24,256x192,352.858,2,19
lag.gate_up  tp2,2048,8192,32,bfloat16,24,16x64,357.346,2,19
lag.gate_up  tp2,2048,8192,32,bfloat16,24,prefill_wmma:smallm_off,366.888,2,19
lag.gate_up  tp2,2048,8192,32,bfloat16,24,32x128,381.827,2,19
lag.gate_up  tp2,2048,8192,32,bfloat16,24,16x128,498.873,2,19
lag.gate_up  tp2,2048,8192,32,bfloat16,24,512x64,502.049,2,19
lag.gate_up  tp2,2048,8192,32,bfloat16,32,64x32,82.613,12,19
lag.gate_up  tp2,2048,8192,32,bfloat16,32,128x64,91.740,10,19
lag.gate_up  tp2,2048,8192,32,bfloat16,32,64x64,98.066,10,19
lag.gate_up  tp2,2048,8192,32,bfloat16,32,32x32,104.173,9,19
lag.gate_up  tp2,2048,8192,32,bfloat16,32,128x32,104.262,10,19
lag.gate_up  tp2,2048,8192,32,bfloat16,32,128x128,108.070,9,19
lag.gate_up  tp2,2048,8192,32,bfloat16,32,256x128,116.034,8,19
lag.gate_up  tp2,2048,8192,32,bfloat16,32,192x128,126.794,8,19
lag.gate_up  tp2,2048,8192,32,bfloat16,32,prefill_wmma_ashuffle,140.513,7,19
lag.gate_up  tp2,2048,8192,32,bfloat16,32,prefill_wmma,151.933,6,19
lag.gate_up  tp2,2048,8192,32,bfloat16,32,256x32,173.923,5,19
lag.gate_up  tp2,2048,8192,32,bfloat16,32,256x64,181.171,5,19
lag.gate_up  tp2,2048,8192,32,bfloat16,32,64x128,232.414,4,19
lag.gate_up  tp2,2048,8192,32,bfloat16,32,384x128,233.841,4,19
lag.gate_up  tp2,2048,8192,32,bfloat16,32,32x64,234.655,4,19
lag.gate_up  tp2,2048,8192,32,bfloat16,32,96x128,236.015,4,19
lag.gate_up  tp2,2048,8192,32,bfloat16,32,112x128,237.769,4,19
lag.gate_up  tp2,2048,8192,32,bfloat16,32,512x128,256.529,4,19
lag.gate_up  tp2,2048,8192,32,bfloat16,32,128x256,258.311,4,19
lag.gate_up  tp2,2048,8192,32,bfloat16,32,256x256,309.465,3,19
lag.gate_up  tp2,2048,8192,32,bfloat16,32,80x128,316.471,3,19
lag.gate_up  tp2,2048,8192,32,bfloat16,32,256x192,347.003,3,19
lag.gate_up  tp2,2048,8192,32,bfloat16,32,16x64,365.774,2,19
lag.gate_up  tp2,2048,8192,32,bfloat16,32,prefill_wmma:smallm_off,368.530,2,19
lag.gate_up  tp2,2048,8192,32,bfloat16,32,32x128,386.549,2,19
lag.gate_up  tp2,2048,8192,32,bfloat16,32,512x64,497.801,2,19
lag.gate_up  tp2,2048,8192,32,bfloat16,32,16x128,519.522,2,19
lag.gate_up  tp2,2048,8192,32,bfloat16,48,64x32,87.599,11,19
lag.gate_up  tp2,2048,8192,32,bfloat16,48,128x64,92.689,11,19
lag.gate_up  tp2,2048,8192,32,bfloat16,48,128x32,98.714,10,19
lag.gate_up  tp2,2048,8192,32,bfloat16,48,64x64,103.397,9,19
lag.gate_up  tp2,2048,8192,32,bfloat16,48,32x32,109.249,9,19
lag.gate_up  tp2,2048,8192,32,bfloat16,48,128x128,110.240,9,19
lag.gate_up  tp2,2048,8192,32,bfloat16,48,256x128,114.630,9,19
lag.gate_up  tp2,2048,8192,32,bfloat16,48,192x128,125.700,8,19
lag.gate_up  tp2,2048,8192,32,bfloat16,48,prefill_wmma_ashuffle,145.881,7,19
lag.gate_up  tp2,2048,8192,32,bfloat16,48,256x64,154.119,6,19
lag.gate_up  tp2,2048,8192,32,bfloat16,48,256x32,162.409,6,19
lag.gate_up  tp2,2048,8192,32,bfloat16,48,32x64,193.133,5,19
lag.gate_up  tp2,2048,8192,32,bfloat16,48,prefill_wmma,208.578,5,19
lag.gate_up  tp2,2048,8192,32,bfloat16,48,384x128,226.421,4,19
lag.gate_up  tp2,2048,8192,32,bfloat16,48,96x128,236.036,4,19
lag.gate_up  tp2,2048,8192,32,bfloat16,48,112x128,238.692,4,19
lag.gate_up  tp2,2048,8192,32,bfloat16,48,512x128,253.652,4,19
lag.gate_up  tp2,2048,8192,32,bfloat16,48,128x256,262.856,3,19
lag.gate_up  tp2,2048,8192,32,bfloat16,48,64x128,285.619,3,19
lag.gate_up  tp2,2048,8192,32,bfloat16,48,256x256,304.935,3,19
lag.gate_up  tp2,2048,8192,32,bfloat16,48,256x192,331.009,3,19
lag.gate_up  tp2,2048,8192,32,bfloat16,48,80x128,334.931,3,19
lag.gate_up  tp2,2048,8192,32,bfloat16,48,prefill_wmma:smallm_off,352.675,3,19
lag.gate_up  tp2,2048,8192,32,bfloat16,48,32x128,365.385,2,19
lag.gate_up  tp2,2048,8192,32,bfloat16,48,16x64,378.536,2,19
lag.gate_up  tp2,2048,8192,32,bfloat16,48,512x64,503.143,2,19
lag.gate_up  tp2,2048,8192,32,bfloat16,48,16x128,519.309,2,19
lag.gate_up  tp2,2048,8192,32,bfloat16,63,128x64,88.142,11,19
lag.gate_up  tp2,2048,8192,32,bfloat16,63,64x32,88.854,11,19
lag.gate_up  tp2,2048,8192,32,bfloat16,63,64x64,108.759,9,19
lag.gate_up  tp2,2048,8192,32,bfloat16,63,128x128,112.362,9,19
lag.gate_up  tp2,2048,8192,32,bfloat16,63,32x32,112.569,9,19
lag.gate_up  tp2,2048,8192,32,bfloat16,63,256x128,114.152,9,19
lag.gate_up  tp2,2048,8192,32,bfloat16,63,192x128,122.463,8,19
lag.gate_up  tp2,2048,8192,32,bfloat16,63,128x32,127.758,9,19
lag.gate_up  tp2,2048,8192,32,bfloat16,63,256x64,142.583,7,19
lag.gate_up  tp2,2048,8192,32,bfloat16,63,prefill_wmma_ashuffle,151.429,6,19
lag.gate_up  tp2,2048,8192,32,bfloat16,63,256x32,154.933,6,19
lag.gate_up  tp2,2048,8192,32,bfloat16,63,prefill_wmma,222.426,4,19
lag.gate_up  tp2,2048,8192,32,bfloat16,63,384x128,227.948,4,19
lag.gate_up  tp2,2048,8192,32,bfloat16,63,96x128,240.015,4,19
lag.gate_up  tp2,2048,8192,32,bfloat16,63,112x128,243.869,4,19
lag.gate_up  tp2,2048,8192,32,bfloat16,63,512x128,251.723,4,19
lag.gate_up  tp2,2048,8192,32,bfloat16,63,32x64,252.666,4,19
lag.gate_up  tp2,2048,8192,32,bfloat16,63,128x256,265.865,3,19
lag.gate_up  tp2,2048,8192,32,bfloat16,63,256x256,308.032,3,19
lag.gate_up  tp2,2048,8192,32,bfloat16,63,64x128,310.025,3,19
lag.gate_up  tp2,2048,8192,32,bfloat16,63,prefill_wmma:smallm_off,316.802,3,19
lag.gate_up  tp2,2048,8192,32,bfloat16,63,80x128,319.374,3,19
lag.gate_up  tp2,2048,8192,32,bfloat16,63,256x192,328.465,3,19
lag.gate_up  tp2,2048,8192,32,bfloat16,63,16x64,385.685,2,19
lag.gate_up  tp2,2048,8192,32,bfloat16,63,32x128,390.958,2,19
lag.gate_up  tp2,2048,8192,32,bfloat16,63,512x64,501.357,2,19
lag.gate_up  tp2,2048,8192,32,bfloat16,63,16x128,536.824,2,19
lag.gate_up  tp2,2048,8192,32,bfloat16,64,128x64,88.768,11,19
lag.gate_up  tp2,2048,8192,32,bfloat16,64,64x32,90.275,11,19
lag.gate_up  tp2,2048,8192,32,bfloat16,64,64x64,109.093,9,19
lag.gate_up  tp2,2048,8192,32,bfloat16,64,128x128,111.945,9,19
lag.gate_up  tp2,2048,8192,32,bfloat16,64,32x32,112.753,8,19
lag.gate_up  tp2,2048,8192,32,bfloat16,64,256x128,117.442,8,19
lag.gate_up  tp2,2048,8192,32,bfloat16,64,128x32,119.749,8,19
lag.gate_up  tp2,2048,8192,32,bfloat16,64,192x128,123.899,7,19
lag.gate_up  tp2,2048,8192,32,bfloat16,64,prefill_wmma_ashuffle,150.305,6,19
lag.gate_up  tp2,2048,8192,32,bfloat16,64,256x64,150.807,6,19
lag.gate_up  tp2,2048,8192,32,bfloat16,64,256x32,155.441,6,19
lag.gate_up  tp2,2048,8192,32,bfloat16,64,prefill_wmma,224.115,4,19
lag.gate_up  tp2,2048,8192,32,bfloat16,64,384x128,229.212,4,19
lag.gate_up  tp2,2048,8192,32,bfloat16,64,96x128,238.780,4,19
lag.gate_up  tp2,2048,8192,32,bfloat16,64,112x128,243.553,4,19
lag.gate_up  tp2,2048,8192,32,bfloat16,64,512x128,253.118,4,19
lag.gate_up  tp2,2048,8192,32,bfloat16,64,32x64,256.493,4,19
lag.gate_up  tp2,2048,8192,32,bfloat16,64,128x256,265.609,3,19
lag.gate_up  tp2,2048,8192,32,bfloat16,64,256x256,306.855,3,19
lag.gate_up  tp2,2048,8192,32,bfloat16,64,prefill_wmma:smallm_off,315.719,3,19
lag.gate_up  tp2,2048,8192,32,bfloat16,64,64x128,325.432,3,19
lag.gate_up  tp2,2048,8192,32,bfloat16,64,256x192,334.330,3,19
lag.gate_up  tp2,2048,8192,32,bfloat16,64,80x128,340.737,3,19
lag.gate_up  tp2,2048,8192,32,bfloat16,64,32x128,392.807,2,19
lag.gate_up  tp2,2048,8192,32,bfloat16,64,16x64,405.661,2,19
lag.gate_up  tp2,2048,8192,32,bfloat16,64,512x64,503.774,2,19
lag.gate_up  tp2,2048,8192,32,bfloat16,64,16x128,544.566,2,19
lag.gate_up  tp2,2048,8192,32,bfloat16,96,128x64,95.767,10,19
lag.gate_up  tp2,2048,8192,32,bfloat16,96,256x128,113.876,9,19
lag.gate_up  tp2,2048,8192,32,bfloat16,96,128x128,119.004,8,19
lag.gate_up  tp2,2048,8192,32,bfloat16,96,128x32,120.014,7,19
lag.gate_up  tp2,2048,8192,32,bfloat16,96,64x64,122.395,8,19
lag.gate_up  tp2,2048,8192,32,bfloat16,96,192x128,124.176,8,19
lag.gate_up  tp2,2048,8192,32,bfloat16,96,64x32,144.247,7,19
lag.gate_up  tp2,2048,8192,32,bfloat16,96,prefill_wmma_ashuffle,154.739,7,19
lag.gate_up  tp2,2048,8192,32,bfloat16,96,256x64,160.114,6,19
lag.gate_up  tp2,2048,8192,32,bfloat16,96,256x32,166.857,6,19
lag.gate_up  tp2,2048,8192,32,bfloat16,96,32x32,195.767,5,19
lag.gate_up  tp2,2048,8192,32,bfloat16,96,384x128,205.097,5,19
lag.gate_up  tp2,2048,8192,32,bfloat16,96,80x128,224.598,4,19
lag.gate_up  tp2,2048,8192,32,bfloat16,96,512x128,232.616,4,19
lag.gate_up  tp2,2048,8192,32,bfloat16,96,96x128,240.852,4,19
lag.gate_up  tp2,2048,8192,32,bfloat16,96,112x128,248.041,4,19
lag.gate_up  tp2,2048,8192,32,bfloat16,96,prefill_wmma,253.594,4,19
lag.gate_up  tp2,2048,8192,32,bfloat16,96,128x256,274.924,3,19
lag.gate_up  tp2,2048,8192,32,bfloat16,96,64x128,277.708,3,19
lag.gate_up  tp2,2048,8192,32,bfloat16,96,32x64,285.851,3,19
lag.gate_up  tp2,2048,8192,32,bfloat16,96,256x256,315.881,3,19
lag.gate_up  tp2,2048,8192,32,bfloat16,96,256x192,340.911,3,19
lag.gate_up  tp2,2048,8192,32,bfloat16,96,prefill_wmma:smallm_off,355.756,2,19
lag.gate_up  tp2,2048,8192,32,bfloat16,96,32x128,414.245,2,19
lag.gate_up  tp2,2048,8192,32,bfloat16,96,16x64,425.778,2,19
lag.gate_up  tp2,2048,8192,32,bfloat16,96,512x64,509.142,2,19
lag.gate_up  tp2,2048,8192,32,bfloat16,96,16x128,567.510,2,19
lag.gate_up  tp2,2048,8192,32,bfloat16,128,128x64,104.968,9,19
lag.gate_up  tp2,2048,8192,32,bfloat16,128,128x32,116.326,8,19
lag.gate_up  tp2,2048,8192,32,bfloat16,128,256x128,120.679,8,19
lag.gate_up  tp2,2048,8192,32,bfloat16,128,128x128,125.669,8,19
lag.gate_up  tp2,2048,8192,32,bfloat16,128,64x64,126.809,8,19
lag.gate_up  tp2,2048,8192,32,bfloat16,128,96x128,151.086,7,19
lag.gate_up  tp2,2048,8192,32,bfloat16,128,256x64,156.492,6,19
lag.gate_up  tp2,2048,8192,32,bfloat16,128,112x128,160.075,6,19
lag.gate_up  tp2,2048,8192,32,bfloat16,128,prefill_wmma_ashuffle,165.763,6,19
lag.gate_up  tp2,2048,8192,32,bfloat16,128,256x32,168.821,6,19
lag.gate_up  tp2,2048,8192,32,bfloat16,128,64x32,170.877,6,19
lag.gate_up  tp2,2048,8192,32,bfloat16,128,192x128,189.216,5,19
lag.gate_up  tp2,2048,8192,32,bfloat16,128,384x128,209.672,4,19
lag.gate_up  tp2,2048,8192,32,bfloat16,128,32x32,217.082,4,19
lag.gate_up  tp2,2048,8192,32,bfloat16,128,512x128,228.293,4,19
lag.gate_up  tp2,2048,8192,32,bfloat16,128,128x256,281.482,3,19
lag.gate_up  tp2,2048,8192,32,bfloat16,128,256x256,314.943,3,19
lag.gate_up  tp2,2048,8192,32,bfloat16,128,80x128,318.209,3,19
lag.gate_up  tp2,2048,8192,32,bfloat16,128,32x64,329.791,3,19
lag.gate_up  tp2,2048,8192,32,bfloat16,128,256x192,342.832,3,19
lag.gate_up  tp2,2048,8192,32,bfloat16,128,64x128,342.983,3,19
lag.gate_up  tp2,2048,8192,32,bfloat16,128,32x128,423.153,2,19
lag.gate_up  tp2,2048,8192,32,bfloat16,128,prefill_wmma,446.541,2,19
lag.gate_up  tp2,2048,8192,32,bfloat16,128,prefill_wmma:smallm_off,448.576,2,19
lag.gate_up  tp2,2048,8192,32,bfloat16,128,16x64,496.010,2,19
lag.gate_up  tp2,2048,8192,32,bfloat16,128,512x64,507.982,2,19
lag.gate_up  tp2,2048,8192,32,bfloat16,128,16x128,585.848,2,19
lag.gate_up  tp2,2048,8192,32,bfloat16,192,256x128,124.026,8,19
lag.gate_up  tp2,2048,8192,32,bfloat16,192,128x128,149.723,6,19
lag.gate_up  tp2,2048,8192,32,bfloat16,192,128x64,172.547,6,19
lag.gate_up  tp2,2048,8192,32,bfloat16,192,256x64,172.626,6,19
lag.gate_up  tp2,2048,8192,32,bfloat16,192,prefill_wmma_ashuffle,179.779,5,19
lag.gate_up  tp2,2048,8192,32,bfloat16,192,256x32,181.616,5,19
lag.gate_up  tp2,2048,8192,32,bfloat16,192,64x32,188.205,5,19
lag.gate_up  tp2,2048,8192,32,bfloat16,192,128x32,194.783,5,19
lag.gate_up  tp2,2048,8192,32,bfloat16,192,64x64,200.676,5,19
lag.gate_up  tp2,2048,8192,32,bfloat16,192,384x128,204.489,5,19
lag.gate_up  tp2,2048,8192,32,bfloat16,192,512x128,231.415,4,19
lag.gate_up  tp2,2048,8192,32,bfloat16,192,192x128,236.133,4,19
lag.gate_up  tp2,2048,8192,32,bfloat16,192,96x128,294.495,3,19
lag.gate_up  tp2,2048,8192,32,bfloat16,192,32x32,297.751,3,19
lag.gate_up  tp2,2048,8192,32,bfloat16,192,112x128,299.610,3,19
lag.gate_up  tp2,2048,8192,32,bfloat16,192,32x64,311.185,3,19
lag.gate_up  tp2,2048,8192,32,bfloat16,192,256x256,321.899,3,19
lag.gate_up  tp2,2048,8192,32,bfloat16,192,128x256,337.398,3,19
lag.gate_up  tp2,2048,8192,32,bfloat16,192,64x128,374.055,2,19
lag.gate_up  tp2,2048,8192,32,bfloat16,192,256x192,378.875,2,19
lag.gate_up  tp2,2048,8192,32,bfloat16,192,32x128,442.063,2,19
lag.gate_up  tp2,2048,8192,32,bfloat16,192,prefill_wmma:smallm_off,467.006,2,19
lag.gate_up  tp2,2048,8192,32,bfloat16,192,prefill_wmma,470.216,2,19
lag.gate_up  tp2,2048,8192,32,bfloat16,192,512x64,526.733,2,19
lag.gate_up  tp2,2048,8192,32,bfloat16,192,80x128,536.657,2,19
lag.gate_up  tp2,2048,8192,32,bfloat16,192,16x64,785.451,2,19
lag.gate_up  tp2,2048,8192,32,bfloat16,192,16x128,1279.972,2,19
lag.gate_up  tp2,2048,8192,32,bfloat16,256,256x128,139.636,7,19
lag.gate_up  tp2,2048,8192,32,bfloat16,256,128x64,190.689,5,19
lag.gate_up  tp2,2048,8192,32,bfloat16,256,256x64,197.541,5,19
lag.gate_up  tp2,2048,8192,32,bfloat16,256,256x32,213.738,4,19
lag.gate_up  tp2,2048,8192,32,bfloat16,256,384x128,217.812,4,19
lag.gate_up  tp2,2048,8192,32,bfloat16,256,512x128,232.908,4,19
lag.gate_up  tp2,2048,8192,32,bfloat16,256,prefill_wmma_ashuffle,234.105,4,19
lag.gate_up  tp2,2048,8192,32,bfloat16,256,128x32,235.041,4,19
lag.gate_up  tp2,2048,8192,32,bfloat16,256,64x64,240.958,4,19
lag.gate_up  tp2,2048,8192,32,bfloat16,256,192x128,241.171,4,19
lag.gate_up  tp2,2048,8192,32,bfloat16,256,128x128,258.563,4,19
lag.gate_up  tp2,2048,8192,32,bfloat16,256,112x128,274.002,3,19
lag.gate_up  tp2,2048,8192,32,bfloat16,256,64x32,275.563,3,19
lag.gate_up  tp2,2048,8192,32,bfloat16,256,96x128,303.964,3,19
lag.gate_up  tp2,2048,8192,32,bfloat16,256,256x256,338.518,3,19
lag.gate_up  tp2,2048,8192,32,bfloat16,256,128x256,356.575,2,19
lag.gate_up  tp2,2048,8192,32,bfloat16,256,64x128,394.487,2,19
lag.gate_up  tp2,2048,8192,32,bfloat16,256,32x32,401.654,2,19
lag.gate_up  tp2,2048,8192,32,bfloat16,256,256x192,406.286,2,19
lag.gate_up  tp2,2048,8192,32,bfloat16,256,32x64,441.659,2,19
lag.gate_up  tp2,2048,8192,32,bfloat16,256,32x128,466.664,2,19
lag.gate_up  tp2,2048,8192,32,bfloat16,256,80x128,514.478,2,19
lag.gate_up  tp2,2048,8192,32,bfloat16,256,prefill_wmma,528.388,2,19
lag.gate_up  tp2,2048,8192,32,bfloat16,256,prefill_wmma:smallm_off,528.906,2,19
lag.gate_up  tp2,2048,8192,32,bfloat16,256,512x64,539.377,2,19
lag.gate_up  tp2,2048,8192,32,bfloat16,256,16x64,816.291,2,19
lag.gate_up  tp2,2048,8192,32,bfloat16,256,16x128,1344.703,2,19
lag.gate_up  tp2,2048,8192,32,bfloat16,512,256x128,247.459,4,19
lag.gate_up  tp2,2048,8192,32,bfloat16,512,256x64,307.347,3,19
lag.gate_up  tp2,2048,8192,32,bfloat16,512,128x64,307.803,3,19
lag.gate_up  tp2,2048,8192,32,bfloat16,512,192x128,367.413,2,19
lag.gate_up  tp2,2048,8192,32,bfloat16,512,512x64,387.812,2,19
lag.gate_up  tp2,2048,8192,32,bfloat16,512,384x128,390.662,2,19
lag.gate_up  tp2,2048,8192,32,bfloat16,512,128x32,397.446,2,19
lag.gate_up  tp2,2048,8192,32,bfloat16,512,128x128,397.685,2,19
lag.gate_up  tp2,2048,8192,32,bfloat16,512,64x64,399.277,2,19
lag.gate_up  tp2,2048,8192,32,bfloat16,512,256x32,400.769,2,19
lag.gate_up  tp2,2048,8192,32,bfloat16,512,prefill_wmma_ashuffle,447.962,2,19
lag.gate_up  tp2,2048,8192,32,bfloat16,512,64x32,455.686,2,19
lag.gate_up  tp2,2048,8192,32,bfloat16,512,96x128,465.415,2,19
lag.gate_up  tp2,2048,8192,32,bfloat16,512,512x128,465.892,2,19
lag.gate_up  tp2,2048,8192,32,bfloat16,512,256x256,563.352,2,19
lag.gate_up  tp2,2048,8192,32,bfloat16,512,128x256,631.807,2,19
lag.gate_up  tp2,2048,8192,32,bfloat16,512,32x64,631.831,2,19
lag.gate_up  tp2,2048,8192,32,bfloat16,512,32x32,634.061,2,19
lag.gate_up  tp2,2048,8192,32,bfloat16,512,112x128,646.816,2,19
lag.gate_up  tp2,2048,8192,32,bfloat16,512,80x128,750.868,2,19
lag.gate_up  tp2,2048,8192,32,bfloat16,512,64x128,755.175,2,19
lag.gate_up  tp2,2048,8192,32,bfloat16,512,256x192,922.543,2,19
lag.gate_up  tp2,2048,8192,32,bfloat16,512,32x128,943.084,2,19
lag.gate_up  tp2,2048,8192,32,bfloat16,512,prefill_wmma:smallm_off,977.866,2,19
lag.gate_up  tp2,2048,8192,32,bfloat16,512,prefill_wmma,1024.974,2,19
lag.gate_up  tp2,2048,8192,32,bfloat16,512,16x64,1526.829,2,19
lag.gate_up  tp2,2048,8192,32,bfloat16,512,16x128,2309.097,2,19
lag.gate_up  tp2,2048,8192,32,bfloat16,1024,256x128,470.669,2,19
lag.gate_up  tp2,2048,8192,32,bfloat16,1024,256x64,581.883,2,19
lag.gate_up  tp2,2048,8192,32,bfloat16,1024,128x64,591.693,2,19
lag.gate_up  tp2,2048,8192,32,bfloat16,1024,384x128,599.338,2,19
lag.gate_up  tp2,2048,8192,32,bfloat16,1024,128x128,621.156,2,19
lag.gate_up  tp2,2048,8192,32,bfloat16,1024,512x128,647.077,2,19
lag.gate_up  tp2,2048,8192,32,bfloat16,1024,192x128,723.627,2,19
lag.gate_up  tp2,2048,8192,32,bfloat16,1024,64x64,757.930,2,19
lag.gate_up  tp2,2048,8192,32,bfloat16,1024,256x32,764.328,2,19
lag.gate_up  tp2,2048,8192,32,bfloat16,1024,128x32,770.726,2,19
lag.gate_up  tp2,2048,8192,32,bfloat16,1024,512x64,774.516,2,19
lag.gate_up  tp2,2048,8192,32,bfloat16,1024,112x128,777.542,2,19
lag.gate_up  tp2,2048,8192,32,bfloat16,1024,64x32,845.864,2,19
lag.gate_up  tp2,2048,8192,32,bfloat16,1024,prefill_wmma_ashuffle,913.962,2,19
lag.gate_up  tp2,2048,8192,32,bfloat16,1024,32x32,1183.671,2,19
lag.gate_up  tp2,2048,8192,32,bfloat16,1024,32x64,1289.551,2,19
lag.gate_up  tp2,2048,8192,32,bfloat16,1024,96x128,1321.849,2,19
lag.gate_up  tp2,2048,8192,32,bfloat16,1024,256x256,1324.099,2,19
lag.gate_up  tp2,2048,8192,32,bfloat16,1024,80x128,1386.894,2,19
lag.gate_up  tp2,2048,8192,32,bfloat16,1024,128x256,1408.524,2,19
lag.gate_up  tp2,2048,8192,32,bfloat16,1024,64x128,1436.054,2,19
lag.gate_up  tp2,2048,8192,32,bfloat16,1024,prefill_wmma:smallm_off,1805.109,2,19
lag.gate_up  tp2,2048,8192,32,bfloat16,1024,prefill_wmma,1834.345,2,19
lag.gate_up  tp2,2048,8192,32,bfloat16,1024,32x128,1866.875,2,19
lag.gate_up  tp2,2048,8192,32,bfloat16,1024,256x192,2116.359,2,19
lag.gate_up  tp2,2048,8192,32,bfloat16,1024,16x64,2486.804,2,19
lag.gate_up  tp2,2048,8192,32,bfloat16,1024,16x128,4310.553,2,19
lag.gate_up  tp2,2048,8192,32,bfloat16,2048,256x128,934.476,2,19
lag.gate_up  tp2,2048,8192,32,bfloat16,2048,512x128,1020.713,2,19
lag.gate_up  tp2,2048,8192,32,bfloat16,2048,128x64,1334.740,2,19
lag.gate_up  tp2,2048,8192,32,bfloat16,2048,128x128,1338.795,2,19
lag.gate_up  tp2,2048,8192,32,bfloat16,2048,256x64,1371.693,2,19
lag.gate_up  tp2,2048,8192,32,bfloat16,2048,384x128,1394.741,2,19
lag.gate_up  tp2,2048,8192,32,bfloat16,2048,prefill_wmma_ashuffle,1469.806,2,19
lag.gate_up  tp2,2048,8192,32,bfloat16,2048,192x128,1547.675,2,19
lag.gate_up  tp2,2048,8192,32,bfloat16,2048,64x64,1649.712,2,19
lag.gate_up  tp2,2048,8192,32,bfloat16,2048,512x64,1706.720,2,19
lag.gate_up  tp2,2048,8192,32,bfloat16,2048,128x32,1711.093,2,19
lag.gate_up  tp2,2048,8192,32,bfloat16,2048,256x32,1713.374,2,19
lag.gate_up  tp2,2048,8192,32,bfloat16,2048,96x128,1731.837,2,19
lag.gate_up  tp2,2048,8192,32,bfloat16,2048,112x128,1769.525,2,19
lag.gate_up  tp2,2048,8192,32,bfloat16,2048,64x32,1804.593,2,19
lag.gate_up  tp2,2048,8192,32,bfloat16,2048,64x128,2029.873,2,19
lag.gate_up  tp2,2048,8192,32,bfloat16,2048,32x64,2289.009,2,19
lag.gate_up  tp2,2048,8192,32,bfloat16,2048,80x128,2321.411,2,19
lag.gate_up  tp2,2048,8192,32,bfloat16,2048,256x256,2337.966,2,19
lag.gate_up  tp2,2048,8192,32,bfloat16,2048,32x32,2369.235,2,19
lag.gate_up  tp2,2048,8192,32,bfloat16,2048,128x256,2584.448,2,19
lag.gate_up  tp2,2048,8192,32,bfloat16,2048,32x128,2966.513,2,19
lag.gate_up  tp2,2048,8192,32,bfloat16,2048,prefill_wmma:smallm_off,3500.497,2,19
lag.gate_up  tp2,2048,8192,32,bfloat16,2048,prefill_wmma,3509.940,2,19
lag.gate_up  tp2,2048,8192,32,bfloat16,2048,256x192,3731.577,2,19
lag.gate_up  tp2,2048,8192,32,bfloat16,2048,16x64,4560.949,2,19
lag.gate_up  tp2,2048,8192,32,bfloat16,2048,16x128,9260.674,2,19
q35b4.gate_up tp2,2560,9216,32,bfloat16,1,64x32,85.507,16,14
q35b4.gate_up tp2,2560,9216,32,bfloat16,1,32x32,103.332,13,14
q35b4.gate_up tp2,2560,9216,32,bfloat16,1,64x64,109.645,12,14
q35b4.gate_up tp2,2560,9216,32,bfloat16,1,128x64,128.477,11,14
q35b4.gate_up tp2,2560,9216,32,bfloat16,1,128x32,138.022,10,14
q35b4.gate_up tp2,2560,9216,32,bfloat16,1,prefill_wmma,140.840,9,14
q35b4.gate_up tp2,2560,9216,32,bfloat16,1,128x128,153.747,9,14
q35b4.gate_up tp2,2560,9216,32,bfloat16,1,32x64,157.209,9,14
q35b4.gate_up tp2,2560,9216,32,bfloat16,1,64x128,164.134,8,14
q35b4.gate_up tp2,2560,9216,32,bfloat16,1,96x128,168.816,8,14
q35b4.gate_up tp2,2560,9216,32,bfloat16,1,112x128,173.553,8,14
q35b4.gate_up tp2,2560,9216,32,bfloat16,1,80x128,186.088,7,14
q35b4.gate_up tp2,2560,9216,32,bfloat16,1,256x64,222.201,6,14
q35b4.gate_up tp2,2560,9216,32,bfloat16,1,256x32,238.754,5,14
q35b4.gate_up tp2,2560,9216,32,bfloat16,1,256x128,252.209,5,14
q35b4.gate_up tp2,2560,9216,32,bfloat16,1,32x128,266.173,5,14
q35b4.gate_up tp2,2560,9216,32,bfloat16,1,16x64,268.749,5,14
q35b4.gate_up tp2,2560,9216,32,bfloat16,1,prefill_wmma_ashuffle,277.888,5,14
q35b4.gate_up tp2,2560,9216,32,bfloat16,1,192x128,279.180,5,14
q35b4.gate_up tp2,2560,9216,32,bfloat16,1,128x256,328.672,4,14
q35b4.gate_up tp2,2560,9216,32,bfloat16,1,256x192,430.635,3,14
q35b4.gate_up tp2,2560,9216,32,bfloat16,1,384x128,446.220,3,14
q35b4.gate_up tp2,2560,9216,32,bfloat16,1,16x128,491.515,2,14
q35b4.gate_up tp2,2560,9216,32,bfloat16,1,512x128,505.978,2,14
q35b4.gate_up tp2,2560,9216,32,bfloat16,1,prefill_wmma:smallm_off,635.879,2,14
q35b4.gate_up tp2,2560,9216,32,bfloat16,1,256x256,713.463,2,14
q35b4.gate_up tp2,2560,9216,32,bfloat16,1,512x64,819.037,2,14
q35b4.gate_up tp2,2560,9216,32,bfloat16,8,32x32,102.421,13,14
q35b4.gate_up tp2,2560,9216,32,bfloat16,8,64x32,109.323,13,14
q35b4.gate_up tp2,2560,9216,32,bfloat16,8,64x64,110.071,12,14
q35b4.gate_up tp2,2560,9216,32,bfloat16,8,128x64,128.267,11,14
q35b4.gate_up tp2,2560,9216,32,bfloat16,8,prefill_wmma,138.591,10,14
q35b4.gate_up tp2,2560,9216,32,bfloat16,8,128x128,154.283,9,14
q35b4.gate_up tp2,2560,9216,32,bfloat16,8,32x64,155.132,9,14
q35b4.gate_up tp2,2560,9216,32,bfloat16,8,128x32,156.728,9,14
q35b4.gate_up tp2,2560,9216,32,bfloat16,8,64x128,163.021,8,14
q35b4.gate_up tp2,2560,9216,32,bfloat16,8,96x128,167.189,8,14
q35b4.gate_up tp2,2560,9216,32,bfloat16,8,112x128,172.472,8,14
q35b4.gate_up tp2,2560,9216,32,bfloat16,8,80x128,186.406,7,14
q35b4.gate_up tp2,2560,9216,32,bfloat16,8,256x64,219.239,6,14
q35b4.gate_up tp2,2560,9216,32,bfloat16,8,256x32,237.997,5,14
q35b4.gate_up tp2,2560,9216,32,bfloat16,8,256x128,242.285,5,14
q35b4.gate_up tp2,2560,9216,32,bfloat16,8,prefill_wmma_ashuffle,258.702,5,14
q35b4.gate_up tp2,2560,9216,32,bfloat16,8,32x128,265.609,5,14
q35b4.gate_up tp2,2560,9216,32,bfloat16,8,192x128,270.098,5,14
q35b4.gate_up tp2,2560,9216,32,bfloat16,8,16x64,270.638,5,14
q35b4.gate_up tp2,2560,9216,32,bfloat16,8,128x256,325.934,4,14
q35b4.gate_up tp2,2560,9216,32,bfloat16,8,384x128,421.304,3,14
q35b4.gate_up tp2,2560,9216,32,bfloat16,8,256x192,438.486,3,14
q35b4.gate_up tp2,2560,9216,32,bfloat16,8,16x128,488.181,2,14
q35b4.gate_up tp2,2560,9216,32,bfloat16,8,512x128,491.518,3,14
q35b4.gate_up tp2,2560,9216,32,bfloat16,8,prefill_wmma:smallm_off,627.157,2,14
q35b4.gate_up tp2,2560,9216,32,bfloat16,8,256x256,717.598,2,14
q35b4.gate_up tp2,2560,9216,32,bfloat16,8,512x64,821.144,2,14
q35b4.gate_up tp2,2560,9216,32,bfloat16,17,64x32,103.149,13,14
q35b4.gate_up tp2,2560,9216,32,bfloat16,17,32x32,113.235,12,14
q35b4.gate_up tp2,2560,9216,32,bfloat16,17,64x64,114.173,12,14
q35b4.gate_up tp2,2560,9216,32,bfloat16,17,128x64,128.832,11,14
q35b4.gate_up tp2,2560,9216,32,bfloat16,17,128x32,152.127,9,14
q35b4.gate_up tp2,2560,9216,32,bfloat16,17,128x128,155.110,9,14
q35b4.gate_up tp2,2560,9216,32,bfloat16,17,prefill_wmma,158.289,8,14
q35b4.gate_up tp2,2560,9216,32,bfloat16,17,32x64,165.516,8,14
q35b4.gate_up tp2,2560,9216,32,bfloat16,17,96x128,169.472,8,14
q35b4.gate_up tp2,2560,9216,32,bfloat16,17,64x128,169.758,8,14
q35b4.gate_up tp2,2560,9216,32,bfloat16,17,112x128,173.856,8,14
q35b4.gate_up tp2,2560,9216,32,bfloat16,17,80x128,190.209,7,14
q35b4.gate_up tp2,2560,9216,32,bfloat16,17,256x64,219.714,6,14
q35b4.gate_up tp2,2560,9216,32,bfloat16,17,256x128,233.799,6,14
q35b4.gate_up tp2,2560,9216,32,bfloat16,17,256x32,239.291,5,14
q35b4.gate_up tp2,2560,9216,32,bfloat16,17,192x128,269.473,5,14
q35b4.gate_up tp2,2560,9216,32,bfloat16,17,16x64,270.630,5,14
q35b4.gate_up tp2,2560,9216,32,bfloat16,17,prefill_wmma_ashuffle,275.476,4,14
q35b4.gate_up tp2,2560,9216,32,bfloat16,17,32x128,279.723,5,14
q35b4.gate_up tp2,2560,9216,32,bfloat16,17,128x256,329.962,4,14
q35b4.gate_up tp2,2560,9216,32,bfloat16,17,384x128,418.671,3,14
q35b4.gate_up tp2,2560,9216,32,bfloat16,17,512x128,443.174,3,14
q35b4.gate_up tp2,2560,9216,32,bfloat16,17,256x192,450.611,3,14
q35b4.gate_up tp2,2560,9216,32,bfloat16,17,16x128,483.052,2,14
q35b4.gate_up tp2,2560,9216,32,bfloat16,17,prefill_wmma:smallm_off,638.909,2,14
q35b4.gate_up tp2,2560,9216,32,bfloat16,17,256x256,710.921,2,14
q35b4.gate_up tp2,2560,9216,32,bfloat16,17,512x64,784.364,2,14
q35b4.gate_up tp2,2560,9216,32,bfloat16,24,64x32,105.916,13,14
q35b4.gate_up tp2,2560,9216,32,bfloat16,24,32x32,113.657,12,14
q35b4.gate_up tp2,2560,9216,32,bfloat16,24,64x64,115.247,12,14
q35b4.gate_up tp2,2560,9216,32,bfloat16,24,128x64,129.167,11,14
q35b4.gate_up tp2,2560,9216,32,bfloat16,24,128x32,149.034,9,14
q35b4.gate_up tp2,2560,9216,32,bfloat16,24,128x128,155.385,9,14
q35b4.gate_up tp2,2560,9216,32,bfloat16,24,prefill_wmma,160.293,8,14
q35b4.gate_up tp2,2560,9216,32,bfloat16,24,32x64,163.166,8,14
q35b4.gate_up tp2,2560,9216,32,bfloat16,24,64x128,166.932,8,14
q35b4.gate_up tp2,2560,9216,32,bfloat16,24,96x128,168.743,8,14
q35b4.gate_up tp2,2560,9216,32,bfloat16,24,112x128,172.782,8,14
q35b4.gate_up tp2,2560,9216,32,bfloat16,24,80x128,185.045,7,14
q35b4.gate_up tp2,2560,9216,32,bfloat16,24,256x64,217.517,6,14
q35b4.gate_up tp2,2560,9216,32,bfloat16,24,256x128,238.404,6,14
q35b4.gate_up tp2,2560,9216,32,bfloat16,24,256x32,240.059,5,14
q35b4.gate_up tp2,2560,9216,32,bfloat16,24,192x128,258.748,5,14
q35b4.gate_up tp2,2560,9216,32,bfloat16,24,prefill_wmma_ashuffle,265.183,5,14
q35b4.gate_up tp2,2560,9216,32,bfloat16,24,16x64,272.288,5,14
q35b4.gate_up tp2,2560,9216,32,bfloat16,24,32x128,273.836,5,14
q35b4.gate_up tp2,2560,9216,32,bfloat16,24,128x256,330.395,4,14
q35b4.gate_up tp2,2560,9216,32,bfloat16,24,384x128,414.443,3,14
q35b4.gate_up tp2,2560,9216,32,bfloat16,24,512x128,457.619,3,14
q35b4.gate_up tp2,2560,9216,32,bfloat16,24,256x192,458.807,3,14
q35b4.gate_up tp2,2560,9216,32,bfloat16,24,16x128,486.827,2,14
q35b4.gate_up tp2,2560,9216,32,bfloat16,24,prefill_wmma:smallm_off,641.437,2,14
q35b4.gate_up tp2,2560,9216,32,bfloat16,24,256x256,721.570,2,14
q35b4.gate_up tp2,2560,9216,32,bfloat16,24,512x64,758.872,2,14
q35b4.gate_up tp2,2560,9216,32,bfloat16,32,64x32,102.653,13,14
q35b4.gate_up tp2,2560,9216,32,bfloat16,32,64x64,115.523,12,14
q35b4.gate_up tp2,2560,9216,32,bfloat16,32,128x64,116.295,12,14
q35b4.gate_up tp2,2560,9216,32,bfloat16,32,32x32,119.437,11,14
q35b4.gate_up tp2,2560,9216,32,bfloat16,32,128x32,140.766,10,14
q35b4.gate_up tp2,2560,9216,32,bfloat16,32,128x128,152.245,9,14
q35b4.gate_up tp2,2560,9216,32,bfloat16,32,prefill_wmma,162.914,8,14
q35b4.gate_up tp2,2560,9216,32,bfloat16,32,96x128,166.083,8,14
q35b4.gate_up tp2,2560,9216,32,bfloat16,32,64x128,166.363,8,14
q35b4.gate_up tp2,2560,9216,32,bfloat16,32,32x64,168.067,8,14
q35b4.gate_up tp2,2560,9216,32,bfloat16,32,112x128,172.358,8,14
q35b4.gate_up tp2,2560,9216,32,bfloat16,32,256x64,193.239,7,14
q35b4.gate_up tp2,2560,9216,32,bfloat16,32,80x128,193.523,7,14
q35b4.gate_up tp2,2560,9216,32,bfloat16,32,256x128,232.525,6,14
q35b4.gate_up tp2,2560,9216,32,bfloat16,32,256x32,237.150,6,14
q35b4.gate_up tp2,2560,9216,32,bfloat16,32,192x128,253.816,5,14
q35b4.gate_up tp2,2560,9216,32,bfloat16,32,prefill_wmma_ashuffle,266.147,5,14
q35b4.gate_up tp2,2560,9216,32,bfloat16,32,16x64,283.022,4,14
q35b4.gate_up tp2,2560,9216,32,bfloat16,32,32x128,287.183,4,14
q35b4.gate_up tp2,2560,9216,32,bfloat16,32,128x256,330.786,4,14
q35b4.gate_up tp2,2560,9216,32,bfloat16,32,384x128,379.469,3,14
q35b4.gate_up tp2,2560,9216,32,bfloat16,32,512x128,428.304,3,14
q35b4.gate_up tp2,2560,9216,32,bfloat16,32,256x192,457.048,3,14
q35b4.gate_up tp2,2560,9216,32,bfloat16,32,16x128,494.294,2,14
q35b4.gate_up tp2,2560,9216,32,bfloat16,32,prefill_wmma:smallm_off,634.980,2,14
q35b4.gate_up tp2,2560,9216,32,bfloat16,32,256x256,706.964,2,14
q35b4.gate_up tp2,2560,9216,32,bfloat16,32,512x64,780.626,2,14
q35b4.gate_up tp2,2560,9216,32,bfloat16,48,64x32,105.302,12,14
q35b4.gate_up tp2,2560,9216,32,bfloat16,48,128x64,115.514,12,14
q35b4.gate_up tp2,2560,9216,32,bfloat16,48,64x64,121.544,11,14
q35b4.gate_up tp2,2560,9216,32,bfloat16,48,32x32,139.608,10,14
q35b4.gate_up tp2,2560,9216,32,bfloat16,48,128x128,144.302,9,14
q35b4.gate_up tp2,2560,9216,32,bfloat16,48,128x32,151.974,9,14
q35b4.gate_up tp2,2560,9216,32,bfloat16,48,96x128,159.328,8,14
q35b4.gate_up tp2,2560,9216,32,bfloat16,48,112x128,161.397,8,14
q35b4.gate_up tp2,2560,9216,32,bfloat16,48,32x64,170.912,8,14
q35b4.gate_up tp2,2560,9216,32,bfloat16,48,prefill_wmma,175.185,8,14
q35b4.gate_up tp2,2560,9216,32,bfloat16,48,64x128,176.173,7,14
q35b4.gate_up tp2,2560,9216,32,bfloat16,48,80x128,183.735,7,14
q35b4.gate_up tp2,2560,9216,32,bfloat16,48,256x64,187.838,7,14
q35b4.gate_up tp2,2560,9216,32,bfloat16,48,256x32,223.168,6,14
q35b4.gate_up tp2,2560,9216,32,bfloat16,48,256x128,232.258,6,14
q35b4.gate_up tp2,2560,9216,32,bfloat16,48,192x128,251.634,5,14
q35b4.gate_up tp2,2560,9216,32,bfloat16,48,32x128,274.043,5,14
q35b4.gate_up tp2,2560,9216,32,bfloat16,48,prefill_wmma_ashuffle,278.871,4,14
q35b4.gate_up tp2,2560,9216,32,bfloat16,48,16x64,290.936,4,14
q35b4.gate_up tp2,2560,9216,32,bfloat16,48,128x256,339.091,4,14
q35b4.gate_up tp2,2560,9216,32,bfloat16,48,384x128,375.988,3,14
q35b4.gate_up tp2,2560,9216,32,bfloat16,48,512x128,410.010,3,14
q35b4.gate_up tp2,2560,9216,32,bfloat16,48,256x192,448.318,3,14
q35b4.gate_up tp2,2560,9216,32,bfloat16,48,16x128,482.248,2,14
q35b4.gate_up tp2,2560,9216,32,bfloat16,48,prefill_wmma:smallm_off,617.583,2,14
q35b4.gate_up tp2,2560,9216,32,bfloat16,48,256x256,706.857,2,14
q35b4.gate_up tp2,2560,9216,32,bfloat16,48,512x64,762.335,2,14
q35b4.gate_up tp2,2560,9216,32,bfloat16,63,64x32,113.659,12,14
q35b4.gate_up tp2,2560,9216,32,bfloat16,63,128x64,116.604,12,14
q35b4.gate_up tp2,2560,9216,32,bfloat16,63,64x64,127.536,10,14
q35b4.gate_up tp2,2560,9216,32,bfloat16,63,128x128,141.741,9,14
q35b4.gate_up tp2,2560,9216,32,bfloat16,63,32x32,146.010,10,14
q35b4.gate_up tp2,2560,9216,32,bfloat16,63,128x32,154.950,9,14
q35b4.gate_up tp2,2560,9216,32,bfloat16,63,96x128,164.808,8,14
q35b4.gate_up tp2,2560,9216,32,bfloat16,63,112x128,169.441,8,14
q35b4.gate_up tp2,2560,9216,32,bfloat16,63,32x64,181.535,7,14
q35b4.gate_up tp2,2560,9216,32,bfloat16,63,64x128,182.822,7,14
q35b4.gate_up tp2,2560,9216,32,bfloat16,63,256x64,186.807,7,14
q35b4.gate_up tp2,2560,9216,32,bfloat16,63,80x128,191.146,7,14
q35b4.gate_up tp2,2560,9216,32,bfloat16,63,prefill_wmma,205.284,7,14
q35b4.gate_up tp2,2560,9216,32,bfloat16,63,256x128,219.550,6,14
q35b4.gate_up tp2,2560,9216,32,bfloat16,63,256x32,227.985,6,14
q35b4.gate_up tp2,2560,9216,32,bfloat16,63,192x128,253.974,5,14
q35b4.gate_up tp2,2560,9216,32,bfloat16,63,32x128,285.236,4,14
q35b4.gate_up tp2,2560,9216,32,bfloat16,63,prefill_wmma_ashuffle,293.806,4,14
q35b4.gate_up tp2,2560,9216,32,bfloat16,63,16x64,295.104,4,14
q35b4.gate_up tp2,2560,9216,32,bfloat16,63,128x256,342.481,4,14
q35b4.gate_up tp2,2560,9216,32,bfloat16,63,384x128,373.417,3,14
q35b4.gate_up tp2,2560,9216,32,bfloat16,63,512x128,408.196,3,14
q35b4.gate_up tp2,2560,9216,32,bfloat16,63,256x192,451.685,3,14
q35b4.gate_up tp2,2560,9216,32,bfloat16,63,16x128,485.684,2,14
q35b4.gate_up tp2,2560,9216,32,bfloat16,63,prefill_wmma:smallm_off,627.324,2,14
q35b4.gate_up tp2,2560,9216,32,bfloat16,63,256x256,707.135,2,14
q35b4.gate_up tp2,2560,9216,32,bfloat16,63,512x64,798.644,2,14
q35b4.gate_up tp2,2560,9216,32,bfloat16,64,64x32,113.800,12,14
q35b4.gate_up tp2,2560,9216,32,bfloat16,64,128x64,116.340,12,14
q35b4.gate_up tp2,2560,9216,32,bfloat16,64,64x64,127.867,10,14
q35b4.gate_up tp2,2560,9216,32,bfloat16,64,128x128,141.176,9,14
q35b4.gate_up tp2,2560,9216,32,bfloat16,64,32x32,147.398,9,14
q35b4.gate_up tp2,2560,9216,32,bfloat16,64,128x32,154.370,9,14
q35b4.gate_up tp2,2560,9216,32,bfloat16,64,96x128,162.719,8,14
q35b4.gate_up tp2,2560,9216,32,bfloat16,64,112x128,169.650,8,14
q35b4.gate_up tp2,2560,9216,32,bfloat16,64,32x64,178.479,7,14
q35b4.gate_up tp2,2560,9216,32,bfloat16,64,64x128,182.915,7,14
q35b4.gate_up tp2,2560,9216,32,bfloat16,64,256x64,186.728,7,14
q35b4.gate_up tp2,2560,9216,32,bfloat16,64,80x128,188.001,7,14
q35b4.gate_up tp2,2560,9216,32,bfloat16,64,prefill_wmma,199.611,7,14
q35b4.gate_up tp2,2560,9216,32,bfloat16,64,256x128,222.113,6,14
q35b4.gate_up tp2,2560,9216,32,bfloat16,64,256x32,227.365,6,14
q35b4.gate_up tp2,2560,9216,32,bfloat16,64,192x128,256.167,5,14
q35b4.gate_up tp2,2560,9216,32,bfloat16,64,32x128,286.561,4,14
q35b4.gate_up tp2,2560,9216,32,bfloat16,64,16x64,293.518,4,14
q35b4.gate_up tp2,2560,9216,32,bfloat16,64,prefill_wmma_ashuffle,294.305,4,14
q35b4.gate_up tp2,2560,9216,32,bfloat16,64,128x256,341.525,4,14
q35b4.gate_up tp2,2560,9216,32,bfloat16,64,384x128,357.959,3,14
q35b4.gate_up tp2,2560,9216,32,bfloat16,64,512x128,411.897,3,14
q35b4.gate_up tp2,2560,9216,32,bfloat16,64,256x192,461.282,3,14
q35b4.gate_up tp2,2560,9216,32,bfloat16,64,16x128,484.864,2,14
q35b4.gate_up tp2,2560,9216,32,bfloat16,64,prefill_wmma:smallm_off,668.381,2,14
q35b4.gate_up tp2,2560,9216,32,bfloat16,64,256x256,712.724,2,14
q35b4.gate_up tp2,2560,9216,32,bfloat16,64,512x64,757.440,2,14
q35b4.gate_up tp2,2560,9216,32,bfloat16,96,128x64,124.573,11,14
q35b4.gate_up tp2,2560,9216,32,bfloat16,96,128x128,147.285,9,14
q35b4.gate_up tp2,2560,9216,32,bfloat16,96,64x64,159.246,8,14
q35b4.gate_up tp2,2560,9216,32,bfloat16,96,128x32,168.665,8,14
q35b4.gate_up tp2,2560,9216,32,bfloat16,96,96x128,173.769,8,14
q35b4.gate_up tp2,2560,9216,32,bfloat16,96,112x128,177.996,7,14
q35b4.gate_up tp2,2560,9216,32,bfloat16,96,64x32,187.235,7,14
q35b4.gate_up tp2,2560,9216,32,bfloat16,96,64x128,189.269,7,14
q35b4.gate_up tp2,2560,9216,32,bfloat16,96,256x64,199.059,7,14
q35b4.gate_up tp2,2560,9216,32,bfloat16,96,32x64,202.561,7,14
q35b4.gate_up tp2,2560,9216,32,bfloat16,96,256x128,225.563,6,14
q35b4.gate_up tp2,2560,9216,32,bfloat16,96,32x32,234.784,6,14
q35b4.gate_up tp2,2560,9216,32,bfloat16,96,256x32,241.698,5,14
q35b4.gate_up tp2,2560,9216,32,bfloat16,96,192x128,259.662,5,14
q35b4.gate_up tp2,2560,9216,32,bfloat16,96,prefill_wmma_ashuffle,284.202,5,14
q35b4.gate_up tp2,2560,9216,32,bfloat16,96,prefill_wmma,286.466,5,14
q35b4.gate_up tp2,2560,9216,32,bfloat16,96,32x128,297.500,4,14
q35b4.gate_up tp2,2560,9216,32,bfloat16,96,80x128,338.092,4,14
q35b4.gate_up tp2,2560,9216,32,bfloat16,96,16x64,338.462,4,14
q35b4.gate_up tp2,2560,9216,32,bfloat16,96,384x128,355.451,4,14
q35b4.gate_up tp2,2560,9216,32,bfloat16,96,128x256,356.911,4,14
q35b4.gate_up tp2,2560,9216,32,bfloat16,96,512x128,394.368,3,14
q35b4.gate_up tp2,2560,9216,32,bfloat16,96,16x128,498.730,2,14
q35b4.gate_up tp2,2560,9216,32,bfloat16,96,256x192,520.520,2,14
q35b4.gate_up tp2,2560,9216,32,bfloat16,96,prefill_wmma:smallm_off,745.427,2,14
q35b4.gate_up tp2,2560,9216,32,bfloat16,96,256x256,755.990,2,14
q35b4.gate_up tp2,2560,9216,32,bfloat16,96,512x64,784.822,2,14
q35b4.gate_up tp2,2560,9216,32,bfloat16,128,128x64,132.489,10,14
q35b4.gate_up tp2,2560,9216,32,bfloat16,128,128x128,153.476,9,14
q35b4.gate_up tp2,2560,9216,32,bfloat16,128,64x64,164.788,8,14
q35b4.gate_up tp2,2560,9216,32,bfloat16,128,128x32,181.351,7,14
q35b4.gate_up tp2,2560,9216,32,bfloat16,128,64x32,192.576,7,14
q35b4.gate_up tp2,2560,9216,32,bfloat16,128,64x128,198.007,6,14
q35b4.gate_up tp2,2560,9216,32,bfloat16,128,256x64,201.973,7,14
q35b4.gate_up tp2,2560,9216,32,bfloat16,128,256x128,226.028,6,14
q35b4.gate_up tp2,2560,9216,32,bfloat16,128,32x64,226.181,6,14
q35b4.gate_up tp2,2560,9216,32,bfloat16,128,256x32,244.927,5,14
q35b4.gate_up tp2,2560,9216,32,bfloat16,128,32x32,280.799,5,14
q35b4.gate_up tp2,2560,9216,32,bfloat16,128,192x128,282.454,5,14
q35b4.gate_up tp2,2560,9216,32,bfloat16,128,96x128,295.173,4,14
q35b4.gate_up tp2,2560,9216,32,bfloat16,128,prefill_wmma_ashuffle,303.428,4,14
q35b4.gate_up tp2,2560,9216,32,bfloat16,128,112x128,305.276,4,14
q35b4.gate_up tp2,2560,9216,32,bfloat16,128,32x128,307.858,4,14
q35b4.gate_up tp2,2560,9216,32,bfloat16,128,384x128,353.445,4,14
q35b4.gate_up tp2,2560,9216,32,bfloat16,128,128x256,364.896,3,14
q35b4.gate_up tp2,2560,9216,32,bfloat16,128,512x128,383.748,3,14
q35b4.gate_up tp2,2560,9216,32,bfloat16,128,80x128,499.163,2,14
q35b4.gate_up tp2,2560,9216,32,bfloat16,128,256x192,516.874,2,14
q35b4.gate_up tp2,2560,9216,32,bfloat16,128,16x128,517.347,2,14
q35b4.gate_up tp2,2560,9216,32,bfloat16,128,16x64,720.240,2,14
q35b4.gate_up tp2,2560,9216,32,bfloat16,128,256x256,743.527,2,14
q35b4.gate_up tp2,2560,9216,32,bfloat16,128,prefill_wmma,772.061,2,14
q35b4.gate_up tp2,2560,9216,32,bfloat16,128,512x64,781.668,2,14
q35b4.gate_up tp2,2560,9216,32,bfloat16,128,prefill_wmma:smallm_off,781.905,2,14
q35b4.gate_up tp2,2560,9216,32,bfloat16,192,256x64,216.544,6,14
q35b4.gate_up tp2,2560,9216,32,bfloat16,192,128x64,217.452,6,14
q35b4.gate_up tp2,2560,9216,32,bfloat16,192,64x128,228.067,6,14
q35b4.gate_up tp2,2560,9216,32,bfloat16,192,256x128,237.231,5,14
q35b4.gate_up tp2,2560,9216,32,bfloat16,192,64x32,241.494,6,14
q35b4.gate_up tp2,2560,9216,32,bfloat16,192,128x128,267.820,5,14
q35b4.gate_up tp2,2560,9216,32,bfloat16,192,256x32,269.155,5,14
q35b4.gate_up tp2,2560,9216,32,bfloat16,192,128x32,278.344,5,14
q35b4.gate_up tp2,2560,9216,32,bfloat16,192,64x64,292.032,4,14
q35b4.gate_up tp2,2560,9216,32,bfloat16,192,192x128,298.282,4,14
q35b4.gate_up tp2,2560,9216,32,bfloat16,192,32x32,320.440,4,14
q35b4.gate_up tp2,2560,9216,32,bfloat16,192,112x128,326.126,4,14
q35b4.gate_up tp2,2560,9216,32,bfloat16,192,384x128,337.188,4,14
q35b4.gate_up tp2,2560,9216,32,bfloat16,192,32x128,341.696,4,14
q35b4.gate_up tp2,2560,9216,32,bfloat16,192,prefill_wmma_ashuffle,369.818,3,14
q35b4.gate_up tp2,2560,9216,32,bfloat16,192,512x128,378.480,3,14
q35b4.gate_up tp2,2560,9216,32,bfloat16,192,32x64,406.336,3,14
q35b4.gate_up tp2,2560,9216,32,bfloat16,192,96x128,492.694,2,14
q35b4.gate_up tp2,2560,9216,32,bfloat16,192,256x192,545.389,2,14
q35b4.gate_up tp2,2560,9216,32,bfloat16,192,80x128,669.105,2,14
q35b4.gate_up tp2,2560,9216,32,bfloat16,192,256x256,746.222,2,14
q35b4.gate_up tp2,2560,9216,32,bfloat16,192,128x256,746.384,2,14
q35b4.gate_up tp2,2560,9216,32,bfloat16,192,512x64,756.705,2,14
q35b4.gate_up tp2,2560,9216,32,bfloat16,192,prefill_wmma,883.324,2,14
q35b4.gate_up tp2,2560,9216,32,bfloat16,192,prefill_wmma:smallm_off,903.461,2,14
q35b4.gate_up tp2,2560,9216,32,bfloat16,192,16x64,1221.112,2,14
q35b4.gate_up tp2,2560,9216,32,bfloat16,192,16x128,1643.253,2,14
q35b4.gate_up tp2,2560,9216,32,bfloat16,256,128x64,233.431,6,14
q35b4.gate_up tp2,2560,9216,32,bfloat16,256,256x64,236.958,6,14
q35b4.gate_up tp2,2560,9216,32,bfloat16,256,256x128,258.986,5,14
q35b4.gate_up tp2,2560,9216,32,bfloat16,256,128x32,295.351,4,14
q35b4.gate_up tp2,2560,9216,32,bfloat16,256,256x32,298.813,4,14
q35b4.gate_up tp2,2560,9216,32,bfloat16,256,64x64,300.457,4,14
q35b4.gate_up tp2,2560,9216,32,bfloat16,256,128x128,303.173,4,14
q35b4.gate_up tp2,2560,9216,32,bfloat16,256,64x32,319.857,4,14
q35b4.gate_up tp2,2560,9216,32,bfloat16,256,384x128,344.888,4,14
q35b4.gate_up tp2,2560,9216,32,bfloat16,256,112x128,350.363,4,14
q35b4.gate_up tp2,2560,9216,32,bfloat16,256,512x128,382.572,3,14
q35b4.gate_up tp2,2560,9216,32,bfloat16,256,192x128,398.317,3,14
q35b4.gate_up tp2,2560,9216,32,bfloat16,256,prefill_wmma_ashuffle,408.682,3,14
q35b4.gate_up tp2,2560,9216,32,bfloat16,256,32x32,424.768,3,14
q35b4.gate_up tp2,2560,9216,32,bfloat16,256,32x64,452.015,3,14
q35b4.gate_up tp2,2560,9216,32,bfloat16,256,512x64,472.814,2,14
q35b4.gate_up tp2,2560,9216,32,bfloat16,256,96x128,506.797,2,14
q35b4.gate_up tp2,2560,9216,32,bfloat16,256,64x128,526.216,2,14
q35b4.gate_up tp2,2560,9216,32,bfloat16,256,256x192,593.235,2,14
q35b4.gate_up tp2,2560,9216,32,bfloat16,256,32x128,760.662,2,14
q35b4.gate_up tp2,2560,9216,32,bfloat16,256,256x256,792.681,2,14
q35b4.gate_up tp2,2560,9216,32,bfloat16,256,80x128,809.557,2,14
q35b4.gate_up tp2,2560,9216,32,bfloat16,256,128x256,905.467,2,14
q35b4.gate_up tp2,2560,9216,32,bfloat16,256,prefill_wmma,973.692,2,14
q35b4.gate_up tp2,2560,9216,32,bfloat16,256,prefill_wmma:smallm_off,977.296,2,14
q35b4.gate_up tp2,2560,9216,32,bfloat16,256,16x64,1543.464,2,14
q35b4.gate_up tp2,2560,9216,32,bfloat16,256,16x128,1709.103,2,14
q35b4.gate_up tp2,2560,9216,32,bfloat16,512,256x128,380.937,3,14
q35b4.gate_up tp2,2560,9216,32,bfloat16,512,256x64,402.622,3,14
q35b4.gate_up tp2,2560,9216,32,bfloat16,512,128x64,415.459,3,14
q35b4.gate_up tp2,2560,9216,32,bfloat16,512,128x32,532.116,2,14
q35b4.gate_up tp2,2560,9216,32,bfloat16,512,256x32,541.509,2,14
q35b4.gate_up tp2,2560,9216,32,bfloat16,512,192x128,544.662,2,14
q35b4.gate_up tp2,2560,9216,32,bfloat16,512,64x64,557.838,2,14
q35b4.gate_up tp2,2560,9216,32,bfloat16,512,384x128,571.456,2,14
q35b4.gate_up tp2,2560,9216,32,bfloat16,512,512x64,574.056,2,14
q35b4.gate_up tp2,2560,9216,32,bfloat16,512,64x32,581.664,2,14
q35b4.gate_up tp2,2560,9216,32,bfloat16,512,96x128,637.913,2,14
q35b4.gate_up tp2,2560,9216,32,bfloat16,512,prefill_wmma_ashuffle,638.867,2,14
q35b4.gate_up tp2,2560,9216,32,bfloat16,512,512x128,688.972,2,14
q35b4.gate_up tp2,2560,9216,32,bfloat16,512,128x128,716.691,2,14
q35b4.gate_up tp2,2560,9216,32,bfloat16,512,32x32,794.909,2,14
q35b4.gate_up tp2,2560,9216,32,bfloat16,512,32x64,842.094,2,14
q35b4.gate_up tp2,2560,9216,32,bfloat16,512,112x128,860.870,2,14
q35b4.gate_up tp2,2560,9216,32,bfloat16,512,80x128,1042.146,2,14
q35b4.gate_up tp2,2560,9216,32,bfloat16,512,256x256,1123.495,2,14
q35b4.gate_up tp2,2560,9216,32,bfloat16,512,128x256,1359.339,2,14
q35b4.gate_up tp2,2560,9216,32,bfloat16,512,64x128,1445.135,2,14
q35b4.gate_up tp2,2560,9216,32,bfloat16,512,prefill_wmma:smallm_off,1478.585,2,14
q35b4.gate_up tp2,2560,9216,32,bfloat16,512,prefill_wmma,1507.428,2,14
q35b4.gate_up tp2,2560,9216,32,bfloat16,512,256x192,1541.235,2,14
q35b4.gate_up tp2,2560,9216,32,bfloat16,512,32x128,1850.068,2,14
q35b4.gate_up tp2,2560,9216,32,bfloat16,512,16x64,2034.348,2,14
q35b4.gate_up tp2,2560,9216,32,bfloat16,512,16x128,2862.076,2,14
q35b4.gate_up tp2,2560,9216,32,bfloat16,1024,256x128,658.576,2,14
q35b4.gate_up tp2,2560,9216,32,bfloat16,1024,256x64,789.241,2,14
q35b4.gate_up tp2,2560,9216,32,bfloat16,1024,128x64,810.034,2,14
q35b4.gate_up tp2,2560,9216,32,bfloat16,1024,384x128,840.084,2,14
q35b4.gate_up tp2,2560,9216,32,bfloat16,1024,512x128,867.285,2,14
q35b4.gate_up tp2,2560,9216,32,bfloat16,1024,128x128,939.374,2,14
q35b4.gate_up tp2,2560,9216,32,bfloat16,1024,512x64,1006.507,2,14
q35b4.gate_up tp2,2560,9216,32,bfloat16,1024,192x128,1014.648,2,14
q35b4.gate_up tp2,2560,9216,32,bfloat16,1024,64x64,1046.587,2,14
q35b4.gate_up tp2,2560,9216,32,bfloat16,1024,256x32,1056.872,2,14
q35b4.gate_up tp2,2560,9216,32,bfloat16,1024,128x32,1059.782,2,14
q35b4.gate_up tp2,2560,9216,32,bfloat16,1024,prefill_wmma_ashuffle,1106.095,2,14
q35b4.gate_up tp2,2560,9216,32,bfloat16,1024,64x32,1204.607,2,14
q35b4.gate_up tp2,2560,9216,32,bfloat16,1024,112x128,1211.072,2,14
q35b4.gate_up tp2,2560,9216,32,bfloat16,1024,32x32,1664.507,2,14
q35b4.gate_up tp2,2560,9216,32,bfloat16,1024,96x128,1685.596,2,14
q35b4.gate_up tp2,2560,9216,32,bfloat16,1024,64x128,1718.409,2,14
q35b4.gate_up tp2,2560,9216,32,bfloat16,1024,32x64,1740.117,2,14
q35b4.gate_up tp2,2560,9216,32,bfloat16,1024,256x256,1864.494,2,14
q35b4.gate_up tp2,2560,9216,32,bfloat16,1024,128x256,2010.649,2,14
q35b4.gate_up tp2,2560,9216,32,bfloat16,1024,80x128,2033.084,2,14
q35b4.gate_up tp2,2560,9216,32,bfloat16,1024,32x128,2508.413,2,14
q35b4.gate_up tp2,2560,9216,32,bfloat16,1024,256x192,2560.328,2,14
q35b4.gate_up tp2,2560,9216,32,bfloat16,1024,prefill_wmma,2619.830,2,14
q35b4.gate_up tp2,2560,9216,32,bfloat16,1024,prefill_wmma:smallm_off,2628.883,2,14
q35b4.gate_up tp2,2560,9216,32,bfloat16,1024,16x64,3335.990,2,14
q35b4.gate_up tp2,2560,9216,32,bfloat16,1024,16x128,5083.294,2,14
q35b4.gate_up tp2,2560,9216,32,bfloat16,2048,256x128,1429.977,2,14
q35b4.gate_up tp2,2560,9216,32,bfloat16,2048,512x128,1489.335,2,14
q35b4.gate_up tp2,2560,9216,32,bfloat16,2048,128x128,1729.584,2,14
q35b4.gate_up tp2,2560,9216,32,bfloat16,2048,256x64,1734.222,2,14
q35b4.gate_up tp2,2560,9216,32,bfloat16,2048,128x64,1742.134,2,14
q35b4.gate_up tp2,2560,9216,32,bfloat16,2048,384x128,1879.309,2,14
q35b4.gate_up tp2,2560,9216,32,bfloat16,2048,prefill_wmma_ashuffle,2009.459,2,14
q35b4.gate_up tp2,2560,9216,32,bfloat16,2048,192x128,2059.884,2,14
q35b4.gate_up tp2,2560,9216,32,bfloat16,2048,64x64,2177.633,2,14
q35b4.gate_up tp2,2560,9216,32,bfloat16,2048,256x32,2197.293,2,14
q35b4.gate_up tp2,2560,9216,32,bfloat16,2048,512x64,2201.163,2,14
q35b4.gate_up tp2,2560,9216,32,bfloat16,2048,128x32,2227.206,2,14
q35b4.gate_up tp2,2560,9216,32,bfloat16,2048,112x128,2289.656,2,14
q35b4.gate_up tp2,2560,9216,32,bfloat16,2048,96x128,2345.134,2,14
q35b4.gate_up tp2,2560,9216,32,bfloat16,2048,64x32,2391.960,2,14
q35b4.gate_up tp2,2560,9216,32,bfloat16,2048,64x128,2787.368,2,14
q35b4.gate_up tp2,2560,9216,32,bfloat16,2048,32x64,3066.285,2,14
q35b4.gate_up tp2,2560,9216,32,bfloat16,2048,80x128,3109.088,2,14
q35b4.gate_up tp2,2560,9216,32,bfloat16,2048,32x32,3178.205,2,14
q35b4.gate_up tp2,2560,9216,32,bfloat16,2048,256x256,3249.792,2,14
q35b4.gate_up tp2,2560,9216,32,bfloat16,2048,128x256,3548.566,2,14
q35b4.gate_up tp2,2560,9216,32,bfloat16,2048,32x128,3898.881,2,14
q35b4.gate_up tp2,2560,9216,32,bfloat16,2048,prefill_wmma,5091.012,2,14
q35b4.gate_up tp2,2560,9216,32,bfloat16,2048,prefill_wmma:smallm_off,5091.660,2,14
q35b4.gate_up tp2,2560,9216,32,bfloat16,2048,256x192,5146.688,2,14
q35b4.gate_up tp2,2560,9216,32,bfloat16,2048,16x64,5941.026,2,14
q35b4.gate_up tp2,2560,9216,32,bfloat16,2048,16x128,10768.863,2,14
glm.gate_up  tp2,2048,10240,128,bfloat16,1,32x32,79.063,12,17
glm.gate_up  tp2,2048,10240,128,bfloat16,1,prefill_wmma,81.023,14,17
glm.gate_up  tp2,2048,10240,128,bfloat16,1,64x64,83.895,13,17
glm.gate_up  tp2,2048,10240,128,bfloat16,1,64x32,92.723,12,17
glm.gate_up  tp2,2048,10240,128,bfloat16,1,128x32,93.429,12,17
glm.gate_up  tp2,2048,10240,128,bfloat16,1,128x64,98.999,11,17
glm.gate_up  tp2,2048,10240,128,bfloat16,1,96x128,100.884,11,17
glm.gate_up  tp2,2048,10240,128,bfloat16,1,32x64,111.565,10,17
glm.gate_up  tp2,2048,10240,128,bfloat16,1,80x128,113.336,10,17
glm.gate_up  tp2,2048,10240,128,bfloat16,1,128x128,115.261,10,17
glm.gate_up  tp2,2048,10240,128,bfloat16,1,64x128,115.609,10,17
glm.gate_up  tp2,2048,10240,128,bfloat16,1,112x128,121.676,9,17
glm.gate_up  tp2,2048,10240,128,bfloat16,1,256x64,124.073,9,17
glm.gate_up  tp2,2048,10240,128,bfloat16,1,256x128,127.542,9,17
glm.gate_up  tp2,2048,10240,128,bfloat16,1,192x128,130.641,8,17
glm.gate_up  tp2,2048,10240,128,bfloat16,1,256x32,136.633,8,17
glm.gate_up  tp2,2048,10240,128,bfloat16,1,256x192,159.830,7,17
glm.gate_up  tp2,2048,10240,128,bfloat16,1,128x256,180.730,6,17
glm.gate_up  tp2,2048,10240,128,bfloat16,1,prefill_wmma:smallm_off,182.704,6,17
glm.gate_up  tp2,2048,10240,128,bfloat16,1,prefill_wmma_ashuffle,204.631,5,17
glm.gate_up  tp2,2048,10240,128,bfloat16,1,32x128,258.428,4,17
glm.gate_up  tp2,2048,10240,128,bfloat16,1,16x64,263.007,4,17
glm.gate_up  tp2,2048,10240,128,bfloat16,1,16x128,499.948,2,17
glm.gate_up  tp2,2048,10240,128,bfloat16,8,prefill_wmma,83.053,13,17
glm.gate_up  tp2,2048,10240,128,bfloat16,8,32x32,83.389,13,17
glm.gate_up  tp2,2048,10240,128,bfloat16,8,64x64,86.814,13,17
glm.gate_up  tp2,2048,10240,128,bfloat16,8,128x32,96.048,12,17
glm.gate_up  tp2,2048,10240,128,bfloat16,8,64x32,97.190,11,17
glm.gate_up  tp2,2048,10240,128,bfloat16,8,128x64,103.023,11,17
glm.gate_up  tp2,2048,10240,128,bfloat16,8,32x64,116.268,9,17
glm.gate_up  tp2,2048,10240,128,bfloat16,8,128x128,116.304,10,17
glm.gate_up  tp2,2048,10240,128,bfloat16,8,64x128,118.901,9,17
glm.gate_up  tp2,2048,10240,128,bfloat16,8,112x128,122.612,9,17
glm.gate_up  tp2,2048,10240,128,bfloat16,8,96x128,127.724,9,17
glm.gate_up  tp2,2048,10240,128,bfloat16,8,256x64,131.748,8,17
glm.gate_up  tp2,2048,10240,128,bfloat16,8,80x128,133.994,8,17
glm.gate_up  tp2,2048,10240,128,bfloat16,8,256x32,140.136,8,17
glm.gate_up  tp2,2048,10240,128,bfloat16,8,256x128,158.492,7,17
glm.gate_up  tp2,2048,10240,128,bfloat16,8,192x128,158.641,7,17
glm.gate_up  tp2,2048,10240,128,bfloat16,8,256x192,168.206,6,17
glm.gate_up  tp2,2048,10240,128,bfloat16,8,128x256,180.767,6,17
glm.gate_up  tp2,2048,10240,128,bfloat16,8,prefill_wmma:smallm_off,186.872,6,17
glm.gate_up  tp2,2048,10240,128,bfloat16,8,prefill_wmma_ashuffle,219.739,5,17
glm.gate_up  tp2,2048,10240,128,bfloat16,8,32x128,262.554,4,17
glm.gate_up  tp2,2048,10240,128,bfloat16,8,16x64,275.466,4,17
glm.gate_up  tp2,2048,10240,128,bfloat16,8,16x128,509.352,2,17
glm.gate_up  tp2,2048,10240,128,bfloat16,17,64x64,90.370,12,17
glm.gate_up  tp2,2048,10240,128,bfloat16,17,32x32,91.805,12,17
glm.gate_up  tp2,2048,10240,128,bfloat16,17,prefill_wmma,98.956,10,17
glm.gate_up  tp2,2048,10240,128,bfloat16,17,128x32,100.838,11,17
glm.gate_up  tp2,2048,10240,128,bfloat16,17,64x32,103.565,11,17
glm.gate_up  tp2,2048,10240,128,bfloat16,17,96x128,105.744,11,17
glm.gate_up  tp2,2048,10240,128,bfloat16,17,128x64,106.337,10,17
glm.gate_up  tp2,2048,10240,128,bfloat16,17,80x128,115.449,10,17
glm.gate_up  tp2,2048,10240,128,bfloat16,17,128x128,118.414,9,17
glm.gate_up  tp2,2048,10240,128,bfloat16,17,64x128,121.164,9,17
glm.gate_up  tp2,2048,10240,128,bfloat16,17,32x64,122.369,9,17
glm.gate_up  tp2,2048,10240,128,bfloat16,17,112x128,124.589,9,17
glm.gate_up  tp2,2048,10240,128,bfloat16,17,256x64,133.838,8,17
glm.gate_up  tp2,2048,10240,128,bfloat16,17,256x32,143.319,8,17
glm.gate_up  tp2,2048,10240,128,bfloat16,17,256x128,159.222,7,17
glm.gate_up  tp2,2048,10240,128,bfloat16,17,192x128,161.700,7,17
glm.gate_up  tp2,2048,10240,128,bfloat16,17,256x192,170.958,6,17
glm.gate_up  tp2,2048,10240,128,bfloat16,17,128x256,183.925,6,17
glm.gate_up  tp2,2048,10240,128,bfloat16,17,prefill_wmma:smallm_off,210.128,5,17
glm.gate_up  tp2,2048,10240,128,bfloat16,17,prefill_wmma_ashuffle,228.551,5,17
glm.gate_up  tp2,2048,10240,128,bfloat16,17,16x64,267.641,4,17
glm.gate_up  tp2,2048,10240,128,bfloat16,17,32x128,267.931,4,17
glm.gate_up  tp2,2048,10240,128,bfloat16,17,16x128,459.497,2,17
glm.gate_up  tp2,2048,10240,128,bfloat16,24,64x64,94.245,12,17
glm.gate_up  tp2,2048,10240,128,bfloat16,24,32x32,97.611,11,17
glm.gate_up  tp2,2048,10240,128,bfloat16,24,prefill_wmma,101.458,11,17
glm.gate_up  tp2,2048,10240,128,bfloat16,24,128x32,102.432,11,17
glm.gate_up  tp2,2048,10240,128,bfloat16,24,96x128,106.605,10,17
glm.gate_up  tp2,2048,10240,128,bfloat16,24,112x128,109.460,10,17
glm.gate_up  tp2,2048,10240,128,bfloat16,24,64x32,110.091,10,17
glm.gate_up  tp2,2048,10240,128,bfloat16,24,128x64,110.097,10,17
glm.gate_up  tp2,2048,10240,128,bfloat16,24,80x128,114.566,10,17
glm.gate_up  tp2,2048,10240,128,bfloat16,24,128x128,120.058,9,17
glm.gate_up  tp2,2048,10240,128,bfloat16,24,64x128,124.168,9,17
glm.gate_up  tp2,2048,10240,128,bfloat16,24,32x64,128.301,9,17
glm.gate_up  tp2,2048,10240,128,bfloat16,24,256x64,132.927,8,17
glm.gate_up  tp2,2048,10240,128,bfloat16,24,256x32,144.573,8,17
glm.gate_up  tp2,2048,10240,128,bfloat16,24,256x128,156.336,7,17
glm.gate_up  tp2,2048,10240,128,bfloat16,24,192x128,160.995,7,17
glm.gate_up  tp2,2048,10240,128,bfloat16,24,256x192,169.942,6,17
glm.gate_up  tp2,2048,10240,128,bfloat16,24,128x256,185.821,6,17
glm.gate_up  tp2,2048,10240,128,bfloat16,24,prefill_wmma:smallm_off,215.190,5,17
glm.gate_up  tp2,2048,10240,128,bfloat16,24,prefill_wmma_ashuffle,227.749,5,17
glm.gate_up  tp2,2048,10240,128,bfloat16,24,32x128,274.304,4,17
glm.gate_up  tp2,2048,10240,128,bfloat16,24,16x64,276.784,4,17
glm.gate_up  tp2,2048,10240,128,bfloat16,24,16x128,489.127,2,17
glm.gate_up  tp2,2048,10240,128,bfloat16,32,64x64,97.723,11,17
glm.gate_up  tp2,2048,10240,128,bfloat16,32,32x32,103.896,11,17
glm.gate_up  tp2,2048,10240,128,bfloat16,32,128x32,105.406,11,17
glm.gate_up  tp2,2048,10240,128,bfloat16,32,96x128,108.313,10,17
glm.gate_up  tp2,2048,10240,128,bfloat16,32,112x128,108.720,11,17
glm.gate_up  tp2,2048,10240,128,bfloat16,32,prefill_wmma,110.529,10,17
glm.gate_up  tp2,2048,10240,128,bfloat16,32,128x128,110.970,10,17
glm.gate_up  tp2,2048,10240,128,bfloat16,32,128x64,115.012,10,17
glm.gate_up  tp2,2048,10240,128,bfloat16,32,80x128,116.907,9,17
glm.gate_up  tp2,2048,10240,128,bfloat16,32,64x32,118.597,9,17
glm.gate_up  tp2,2048,10240,128,bfloat16,32,64x128,127.001,9,17
glm.gate_up  tp2,2048,10240,128,bfloat16,32,32x64,134.528,8,17
glm.gate_up  tp2,2048,10240,128,bfloat16,32,256x64,134.859,8,17
glm.gate_up  tp2,2048,10240,128,bfloat16,32,256x32,145.700,8,17
glm.gate_up  tp2,2048,10240,128,bfloat16,32,256x128,151.878,7,17
glm.gate_up  tp2,2048,10240,128,bfloat16,32,192x128,167.203,7,17
glm.gate_up  tp2,2048,10240,128,bfloat16,32,256x192,170.316,6,17
glm.gate_up  tp2,2048,10240,128,bfloat16,32,128x256,187.274,6,17
glm.gate_up  tp2,2048,10240,128,bfloat16,32,prefill_wmma:smallm_off,217.995,5,17
glm.gate_up  tp2,2048,10240,128,bfloat16,32,prefill_wmma_ashuffle,227.435,5,17
glm.gate_up  tp2,2048,10240,128,bfloat16,32,32x128,280.901,4,17
glm.gate_up  tp2,2048,10240,128,bfloat16,32,16x64,286.775,4,17
glm.gate_up  tp2,2048,10240,128,bfloat16,32,16x128,497.644,2,17
glm.gate_up  tp2,2048,10240,128,bfloat16,48,128x128,103.223,10,17
glm.gate_up  tp2,2048,10240,128,bfloat16,48,64x64,104.351,10,17
glm.gate_up  tp2,2048,10240,128,bfloat16,48,112x128,108.353,10,17
glm.gate_up  tp2,2048,10240,128,bfloat16,48,128x32,111.188,10,17
glm.gate_up  tp2,2048,10240,128,bfloat16,48,96x128,112.457,10,17
glm.gate_up  tp2,2048,10240,128,bfloat16,48,80x128,121.732,9,17
glm.gate_up  tp2,2048,10240,128,bfloat16,48,128x64,122.832,9,17
glm.gate_up  tp2,2048,10240,128,bfloat16,48,prefill_wmma,128.677,9,17
glm.gate_up  tp2,2048,10240,128,bfloat16,48,64x128,133.453,8,17
glm.gate_up  tp2,2048,10240,128,bfloat16,48,64x32,141.538,7,17
glm.gate_up  tp2,2048,10240,128,bfloat16,48,256x64,141.994,8,17
glm.gate_up  tp2,2048,10240,128,bfloat16,48,256x32,149.723,7,17
glm.gate_up  tp2,2048,10240,128,bfloat16,48,256x128,153.753,7,17
glm.gate_up  tp2,2048,10240,128,bfloat16,48,192x128,168.133,6,17
glm.gate_up  tp2,2048,10240,128,bfloat16,48,32x32,169.513,6,17
glm.gate_up  tp2,2048,10240,128,bfloat16,48,256x192,182.392,6,17
glm.gate_up  tp2,2048,10240,128,bfloat16,48,128x256,188.382,6,17
glm.gate_up  tp2,2048,10240,128,bfloat16,48,prefill_wmma:smallm_off,233.523,5,17
glm.gate_up  tp2,2048,10240,128,bfloat16,48,prefill_wmma_ashuffle,248.235,4,17
glm.gate_up  tp2,2048,10240,128,bfloat16,48,32x64,276.174,4,17
glm.gate_up  tp2,2048,10240,128,bfloat16,48,32x128,284.061,4,17
glm.gate_up  tp2,2048,10240,128,bfloat16,48,16x64,557.294,2,17
glm.gate_up  tp2,2048,10240,128,bfloat16,48,16x128,1078.521,2,17
glm.gate_up  tp2,2048,10240,128,bfloat16,63,128x128,107.445,10,17
glm.gate_up  tp2,2048,10240,128,bfloat16,63,112x128,110.914,10,17
glm.gate_up  tp2,2048,10240,128,bfloat16,63,64x64,111.101,10,17
glm.gate_up  tp2,2048,10240,128,bfloat16,63,128x32,117.349,10,17
glm.gate_up  tp2,2048,10240,128,bfloat16,63,96x128,117.591,9,17
glm.gate_up  tp2,2048,10240,128,bfloat16,63,80x128,127.460,9,17
glm.gate_up  tp2,2048,10240,128,bfloat16,63,128x64,130.874,8,17
glm.gate_up  tp2,2048,10240,128,bfloat16,63,256x64,144.396,8,17
glm.gate_up  tp2,2048,10240,128,bfloat16,63,prefill_wmma,151.742,7,17
glm.gate_up  tp2,2048,10240,128,bfloat16,63,64x32,153.896,7,17
glm.gate_up  tp2,2048,10240,128,bfloat16,63,256x32,156.925,7,17
glm.gate_up  tp2,2048,10240,128,bfloat16,63,256x128,158.029,7,17
glm.gate_up  tp2,2048,10240,128,bfloat16,63,64x128,160.562,7,17
glm.gate_up  tp2,2048,10240,128,bfloat16,63,192x128,170.024,7,17
glm.gate_up  tp2,2048,10240,128,bfloat16,63,256x192,186.596,6,17
glm.gate_up  tp2,2048,10240,128,bfloat16,63,128x256,191.300,6,17
glm.gate_up  tp2,2048,10240,128,bfloat16,63,32x32,229.550,5,17
glm.gate_up  tp2,2048,10240,128,bfloat16,63,prefill_wmma:smallm_off,246.246,4,17
glm.gate_up  tp2,2048,10240,128,bfloat16,63,prefill_wmma_ashuffle,270.290,4,17
glm.gate_up  tp2,2048,10240,128,bfloat16,63,32x128,298.172,4,17
glm.gate_up  tp2,2048,10240,128,bfloat16,63,32x64,328.416,3,17
glm.gate_up  tp2,2048,10240,128,bfloat16,63,16x64,547.685,2,17
glm.gate_up  tp2,2048,10240,128,bfloat16,63,16x128,982.398,2,17
glm.gate_up  tp2,2048,10240,128,bfloat16,64,128x128,107.831,10,17
glm.gate_up  tp2,2048,10240,128,bfloat16,64,64x64,111.176,10,17
glm.gate_up  tp2,2048,10240,128,bfloat16,64,112x128,111.689,10,17
glm.gate_up  tp2,2048,10240,128,bfloat16,64,128x32,117.134,10,17
glm.gate_up  tp2,2048,10240,128,bfloat16,64,96x128,118.313,9,17
glm.gate_up  tp2,2048,10240,128,bfloat16,64,80x128,127.676,9,17
glm.gate_up  tp2,2048,10240,128,bfloat16,64,128x64,129.940,8,17
glm.gate_up  tp2,2048,10240,128,bfloat16,64,256x64,145.310,8,17
glm.gate_up  tp2,2048,10240,128,bfloat16,64,64x128,146.644,7,17
glm.gate_up  tp2,2048,10240,128,bfloat16,64,256x128,149.606,7,17
glm.gate_up  tp2,2048,10240,128,bfloat16,64,prefill_wmma,151.196,7,17
glm.gate_up  tp2,2048,10240,128,bfloat16,64,64x32,153.675,7,17
glm.gate_up  tp2,2048,10240,128,bfloat16,64,256x32,157.300,7,17
glm.gate_up  tp2,2048,10240,128,bfloat16,64,192x128,176.052,7,17
glm.gate_up  tp2,2048,10240,128,bfloat16,64,256x192,187.001,6,17
glm.gate_up  tp2,2048,10240,128,bfloat16,64,128x256,191.261,6,17
glm.gate_up  tp2,2048,10240,128,bfloat16,64,32x32,225.226,5,17
glm.gate_up  tp2,2048,10240,128,bfloat16,64,prefill_wmma:smallm_off,246.632,4,17
glm.gate_up  tp2,2048,10240,128,bfloat16,64,prefill_wmma_ashuffle,278.296,4,17
glm.gate_up  tp2,2048,10240,128,bfloat16,64,32x128,297.901,3,17
glm.gate_up  tp2,2048,10240,128,bfloat16,64,32x64,329.085,3,17
glm.gate_up  tp2,2048,10240,128,bfloat16,64,16x64,557.966,2,17
glm.gate_up  tp2,2048,10240,128,bfloat16,64,16x128,962.659,2,17
glm.gate_up  tp2,2048,10240,128,bfloat16,96,128x128,117.921,9,17
glm.gate_up  tp2,2048,10240,128,bfloat16,96,112x128,120.188,9,17
glm.gate_up  tp2,2048,10240,128,bfloat16,96,96x128,128.235,9,17
glm.gate_up  tp2,2048,10240,128,bfloat16,96,128x32,131.363,8,17
glm.gate_up  tp2,2048,10240,128,bfloat16,96,128x64,145.664,8,17
glm.gate_up  tp2,2048,10240,128,bfloat16,96,256x128,149.406,7,17
glm.gate_up  tp2,2048,10240,128,bfloat16,96,256x64,149.547,7,17
glm.gate_up  tp2,2048,10240,128,bfloat16,96,192x128,160.673,7,17
glm.gate_up  tp2,2048,10240,128,bfloat16,96,256x32,165.248,7,17
glm.gate_up  tp2,2048,10240,128,bfloat16,96,64x32,173.301,6,17
glm.gate_up  tp2,2048,10240,128,bfloat16,96,64x64,177.192,6,17
glm.gate_up  tp2,2048,10240,128,bfloat16,96,256x192,189.793,6,17
glm.gate_up  tp2,2048,10240,128,bfloat16,96,128x256,201.710,5,17
glm.gate_up  tp2,2048,10240,128,bfloat16,96,prefill_wmma,212.546,5,17
glm.gate_up  tp2,2048,10240,128,bfloat16,96,80x128,229.557,5,17
glm.gate_up  tp2,2048,10240,128,bfloat16,96,32x32,243.511,4,17
glm.gate_up  tp2,2048,10240,128,bfloat16,96,32x64,274.173,4,17
glm.gate_up  tp2,2048,10240,128,bfloat16,96,64x128,289.312,4,17
glm.gate_up  tp2,2048,10240,128,bfloat16,96,prefill_wmma_ashuffle,312.123,3,17
glm.gate_up  tp2,2048,10240,128,bfloat16,96,prefill_wmma:smallm_off,323.219,3,17
glm.gate_up  tp2,2048,10240,128,bfloat16,96,32x128,571.967,2,17
glm.gate_up  tp2,2048,10240,128,bfloat16,96,16x64,799.765,2,17
glm.gate_up  tp2,2048,10240,128,bfloat16,96,16x128,1562.727,2,17
glm.gate_up  tp2,2048,10240,128,bfloat16,128,128x128,127.256,9,17
glm.gate_up  tp2,2048,10240,128,bfloat16,128,128x32,149.078,7,17
glm.gate_up  tp2,2048,10240,128,bfloat16,128,256x128,162.338,7,17
glm.gate_up  tp2,2048,10240,128,bfloat16,128,256x64,163.900,7,17
glm.gate_up  tp2,2048,10240,128,bfloat16,128,128x64,166.635,7,17
glm.gate_up  tp2,2048,10240,128,bfloat16,128,256x32,178.651,6,17
glm.gate_up  tp2,2048,10240,128,bfloat16,128,192x128,193.978,6,17
glm.gate_up  tp2,2048,10240,128,bfloat16,128,112x128,200.108,5,17
glm.gate_up  tp2,2048,10240,128,bfloat16,128,64x64,203.106,5,17
glm.gate_up  tp2,2048,10240,128,bfloat16,128,64x32,203.163,5,17
glm.gate_up  tp2,2048,10240,128,bfloat16,128,256x192,207.840,5,17
glm.gate_up  tp2,2048,10240,128,bfloat16,128,96x128,208.792,5,17
glm.gate_up  tp2,2048,10240,128,bfloat16,128,128x256,215.692,5,17
glm.gate_up  tp2,2048,10240,128,bfloat16,128,80x128,253.198,4,17
glm.gate_up  tp2,2048,10240,128,bfloat16,128,32x32,263.634,4,17
glm.gate_up  tp2,2048,10240,128,bfloat16,128,prefill_wmma_ashuffle,340.732,3,17
glm.gate_up  tp2,2048,10240,128,bfloat16,128,prefill_wmma:smallm_off,389.756,3,17
glm.gate_up  tp2,2048,10240,128,bfloat16,128,prefill_wmma,394.505,2,17
glm.gate_up  tp2,2048,10240,128,bfloat16,128,64x128,453.232,2,17
glm.gate_up  tp2,2048,10240,128,bfloat16,128,32x64,500.046,2,17
glm.gate_up  tp2,2048,10240,128,bfloat16,128,32x128,587.043,2,17
glm.gate_up  tp2,2048,10240,128,bfloat16,128,16x64,1247.401,2,17
glm.gate_up  tp2,2048,10240,128,bfloat16,128,16x128,2000.323,2,17
glm.gate_up  tp2,2048,10240,128,bfloat16,192,256x128,175.323,6,17
glm.gate_up  tp2,2048,10240,128,bfloat16,192,256x64,178.934,6,17
glm.gate_up  tp2,2048,10240,128,bfloat16,192,128x128,191.882,6,17
glm.gate_up  tp2,2048,10240,128,bfloat16,192,256x32,197.202,5,17
glm.gate_up  tp2,2048,10240,128,bfloat16,192,128x64,202.113,5,17
glm.gate_up  tp2,2048,10240,128,bfloat16,192,192x128,202.264,5,17
glm.gate_up  tp2,2048,10240,128,bfloat16,192,112x128,208.137,5,17
glm.gate_up  tp2,2048,10240,128,bfloat16,192,256x192,223.328,5,17
glm.gate_up  tp2,2048,10240,128,bfloat16,192,128x32,233.842,5,17
glm.gate_up  tp2,2048,10240,128,bfloat16,192,96x128,238.448,4,17
glm.gate_up  tp2,2048,10240,128,bfloat16,192,80x128,240.155,4,17
glm.gate_up  tp2,2048,10240,128,bfloat16,192,64x32,254.456,4,17
glm.gate_up  tp2,2048,10240,128,bfloat16,192,64x64,280.678,4,17
glm.gate_up  tp2,2048,10240,128,bfloat16,192,64x128,366.631,3,17
glm.gate_up  tp2,2048,10240,128,bfloat16,192,128x256,384.148,3,17
glm.gate_up  tp2,2048,10240,128,bfloat16,192,prefill_wmma_ashuffle,386.844,2,17
glm.gate_up  tp2,2048,10240,128,bfloat16,192,32x32,441.319,2,17
glm.gate_up  tp2,2048,10240,128,bfloat16,192,prefill_wmma,442.858,2,17
glm.gate_up  tp2,2048,10240,128,bfloat16,192,prefill_wmma:smallm_off,498.448,2,17
glm.gate_up  tp2,2048,10240,128,bfloat16,192,32x64,678.493,2,17
glm.gate_up  tp2,2048,10240,128,bfloat16,192,32x128,810.944,2,17
glm.gate_up  tp2,2048,10240,128,bfloat16,192,16x64,1833.161,2,17
glm.gate_up  tp2,2048,10240,128,bfloat16,192,16x128,2448.504,2,17
glm.gate_up  tp2,2048,10240,128,bfloat16,256,256x128,207.200,5,17
glm.gate_up  tp2,2048,10240,128,bfloat16,256,256x64,213.360,5,17
glm.gate_up  tp2,2048,10240,128,bfloat16,256,256x32,229.326,5,17
glm.gate_up  tp2,2048,10240,128,bfloat16,256,128x128,234.823,4,17
glm.gate_up  tp2,2048,10240,128,bfloat16,256,128x64,241.199,4,17
glm.gate_up  tp2,2048,10240,128,bfloat16,256,96x128,249.879,4,17
glm.gate_up  tp2,2048,10240,128,bfloat16,256,256x192,250.400,4,17
glm.gate_up  tp2,2048,10240,128,bfloat16,256,192x128,265.722,4,17
glm.gate_up  tp2,2048,10240,128,bfloat16,256,128x32,266.177,4,17
glm.gate_up  tp2,2048,10240,128,bfloat16,256,64x64,286.472,4,17
glm.gate_up  tp2,2048,10240,128,bfloat16,256,112x128,303.246,3,17
glm.gate_up  tp2,2048,10240,128,bfloat16,256,64x32,321.419,3,17
glm.gate_up  tp2,2048,10240,128,bfloat16,256,80x128,346.515,3,17
glm.gate_up  tp2,2048,10240,128,bfloat16,256,prefill_wmma_ashuffle,402.158,2,17
glm.gate_up  tp2,2048,10240,128,bfloat16,256,32x32,515.466,2,17
glm.gate_up  tp2,2048,10240,128,bfloat16,256,prefill_wmma,526.081,2,17
glm.gate_up  tp2,2048,10240,128,bfloat16,256,prefill_wmma:smallm_off,526.218,2,17
glm.gate_up  tp2,2048,10240,128,bfloat16,256,64x128,593.890,2,17
glm.gate_up  tp2,2048,10240,128,bfloat16,256,128x256,643.906,2,17
glm.gate_up  tp2,2048,10240,128,bfloat16,256,32x64,890.508,2,17
glm.gate_up  tp2,2048,10240,128,bfloat16,256,32x128,1400.140,2,17
glm.gate_up  tp2,2048,10240,128,bfloat16,256,16x64,2438.909,2,17
glm.gate_up  tp2,2048,10240,128,bfloat16,256,16x128,3324.150,2,17
glm.gate_up  tp2,2048,10240,128,bfloat16,512,256x128,292.002,4,17
glm.gate_up  tp2,2048,10240,128,bfloat16,512,256x64,343.689,3,17
glm.gate_up  tp2,2048,10240,128,bfloat16,512,192x128,356.765,3,17
glm.gate_up  tp2,2048,10240,128,bfloat16,512,128x64,384.363,3,17
glm.gate_up  tp2,2048,10240,128,bfloat16,512,128x128,400.113,2,17
glm.gate_up  tp2,2048,10240,128,bfloat16,512,256x32,410.597,2,17
glm.gate_up  tp2,2048,10240,128,bfloat16,512,96x128,454.046,2,17
glm.gate_up  tp2,2048,10240,128,bfloat16,512,256x192,465.362,2,17
glm.gate_up  tp2,2048,10240,128,bfloat16,512,128x32,478.058,2,17
glm.gate_up  tp2,2048,10240,128,bfloat16,512,112x128,480.387,2,17
glm.gate_up  tp2,2048,10240,128,bfloat16,512,64x64,545.263,2,17
glm.gate_up  tp2,2048,10240,128,bfloat16,512,80x128,568.502,2,17
glm.gate_up  tp2,2048,10240,128,bfloat16,512,64x32,595.253,2,17
glm.gate_up  tp2,2048,10240,128,bfloat16,512,prefill_wmma_ashuffle,719.523,2,17
glm.gate_up  tp2,2048,10240,128,bfloat16,512,128x256,720.842,2,17
glm.gate_up  tp2,2048,10240,128,bfloat16,512,64x128,932.989,2,17
glm.gate_up  tp2,2048,10240,128,bfloat16,512,prefill_wmma:smallm_off,947.881,2,17
glm.gate_up  tp2,2048,10240,128,bfloat16,512,prefill_wmma,953.578,2,17
glm.gate_up  tp2,2048,10240,128,bfloat16,512,32x32,1107.689,2,17
glm.gate_up  tp2,2048,10240,128,bfloat16,512,32x64,1795.911,2,17
glm.gate_up  tp2,2048,10240,128,bfloat16,512,32x128,2469.714,2,17
glm.gate_up  tp2,2048,10240,128,bfloat16,512,16x64,4754.336,2,17
glm.gate_up  tp2,2048,10240,128,bfloat16,512,16x128,10476.338,2,17
glm.gate_up  tp2,2048,10240,128,bfloat16,1024,256x128,485.118,2,17
glm.gate_up  tp2,2048,10240,128,bfloat16,1024,256x64,660.753,2,17
glm.gate_up  tp2,2048,10240,128,bfloat16,1024,192x128,683.086,2,17
glm.gate_up  tp2,2048,10240,128,bfloat16,1024,128x128,706.544,2,17
glm.gate_up  tp2,2048,10240,128,bfloat16,1024,256x192,724.483,2,17
glm.gate_up  tp2,2048,10240,128,bfloat16,1024,128x64,745.342,2,17
glm.gate_up  tp2,2048,10240,128,bfloat16,1024,256x32,788.803,2,17
glm.gate_up  tp2,2048,10240,128,bfloat16,1024,96x128,822.858,2,17
glm.gate_up  tp2,2048,10240,128,bfloat16,1024,112x128,871.317,2,17
glm.gate_up  tp2,2048,10240,128,bfloat16,1024,128x32,938.279,2,17
glm.gate_up  tp2,2048,10240,128,bfloat16,1024,80x128,1018.463,2,17
glm.gate_up  tp2,2048,10240,128,bfloat16,1024,64x64,1102.432,2,17
glm.gate_up  tp2,2048,10240,128,bfloat16,1024,prefill_wmma_ashuffle,1321.959,2,17
glm.gate_up  tp2,2048,10240,128,bfloat16,1024,128x256,1336.204,2,17
glm.gate_up  tp2,2048,10240,128,bfloat16,1024,64x32,1392.292,2,17
glm.gate_up  tp2,2048,10240,128,bfloat16,1024,prefill_wmma:smallm_off,1775.483,2,17
glm.gate_up  tp2,2048,10240,128,bfloat16,1024,prefill_wmma,1778.256,2,17
glm.gate_up  tp2,2048,10240,128,bfloat16,1024,64x128,1925.518,2,17
glm.gate_up  tp2,2048,10240,128,bfloat16,1024,32x32,2073.337,2,17
glm.gate_up  tp2,2048,10240,128,bfloat16,1024,32x64,2414.445,2,17
glm.gate_up  tp2,2048,10240,128,bfloat16,1024,32x128,4559.376,2,17
glm.gate_up  tp2,2048,10240,128,bfloat16,1024,16x64,6376.358,2,17
glm.gate_up  tp2,2048,10240,128,bfloat16,1024,16x128,16318.736,2,17
glm.gate_up  tp2,2048,10240,128,bfloat16,2048,256x128,969.972,2,17
glm.gate_up  tp2,2048,10240,128,bfloat16,2048,192x128,1449.309,2,17
glm.gate_up  tp2,2048,10240,128,bfloat16,2048,256x64,1503.430,2,17
glm.gate_up  tp2,2048,10240,128,bfloat16,2048,128x128,1569.613,2,17
glm.gate_up  tp2,2048,10240,128,bfloat16,2048,256x192,1631.071,2,17
glm.gate_up  tp2,2048,10240,128,bfloat16,2048,128x64,1661.838,2,17
glm.gate_up  tp2,2048,10240,128,bfloat16,2048,256x32,1735.125,2,17
glm.gate_up  tp2,2048,10240,128,bfloat16,2048,96x128,1785.421,2,17
glm.gate_up  tp2,2048,10240,128,bfloat16,2048,112x128,1820.910,2,17
glm.gate_up  tp2,2048,10240,128,bfloat16,2048,128x32,2030.505,2,17
glm.gate_up  tp2,2048,10240,128,bfloat16,2048,80x128,2101.368,2,17
glm.gate_up  tp2,2048,10240,128,bfloat16,2048,64x64,2233.970,2,17
glm.gate_up  tp2,2048,10240,128,bfloat16,2048,128x256,2326.907,2,17
glm.gate_up  tp2,2048,10240,128,bfloat16,2048,64x32,2442.897,2,17
glm.gate_up  tp2,2048,10240,128,bfloat16,2048,prefill_wmma_ashuffle,2745.166,2,17
glm.gate_up  tp2,2048,10240,128,bfloat16,2048,64x128,2799.723,2,17
glm.gate_up  tp2,2048,10240,128,bfloat16,2048,prefill_wmma,3450.590,2,17
glm.gate_up  tp2,2048,10240,128,bfloat16,2048,prefill_wmma:smallm_off,3455.118,2,17
glm.gate_up  tp2,2048,10240,128,bfloat16,2048,32x32,3780.282,2,17
glm.gate_up  tp2,2048,10240,128,bfloat16,2048,32x64,4213.432,2,17
glm.gate_up  tp2,2048,10240,128,bfloat16,2048,32x128,6158.867,2,17
glm.gate_up  tp2,2048,10240,128,bfloat16,2048,16x64,11107.152,2,17
glm.gate_up  tp2,2048,10240,128,bfloat16,2048,16x128,20273.183,2,17
grid N=11264,2816,11264,32,bfloat16,1,64x32,99.961,17,11
grid N=11264,2816,11264,32,bfloat16,1,32x32,107.636,16,11
grid N=11264,2816,11264,32,bfloat16,1,64x64,115.893,15,11
grid N=11264,2816,11264,32,bfloat16,1,128x64,125.305,14,11
grid N=11264,2816,11264,32,bfloat16,1,prefill_wmma,136.284,13,11
grid N=11264,2816,11264,32,bfloat16,1,128x128,139.156,12,11
grid N=11264,2816,11264,32,bfloat16,1,32x64,149.464,11,11
grid N=11264,2816,11264,32,bfloat16,1,96x128,151.102,11,11
grid N=11264,2816,11264,32,bfloat16,1,112x128,155.988,11,11
grid N=11264,2816,11264,32,bfloat16,1,128x32,156.527,11,11
grid N=11264,2816,11264,32,bfloat16,1,64x128,158.481,11,11
grid N=11264,2816,11264,32,bfloat16,1,80x128,191.032,9,11
grid N=11264,2816,11264,32,bfloat16,1,256x128,198.251,9,11
grid N=11264,2816,11264,32,bfloat16,1,prefill_wmma_ashuffle,204.455,8,11
grid N=11264,2816,11264,32,bfloat16,1,256x64,233.094,7,11
grid N=11264,2816,11264,32,bfloat16,1,192x128,245.928,7,11
grid N=11264,2816,11264,32,bfloat16,1,256x32,265.458,6,11
grid N=11264,2816,11264,32,bfloat16,1,16x64,314.821,6,11
grid N=11264,2816,11264,32,bfloat16,1,32x128,316.628,5,11
grid N=11264,2816,11264,32,bfloat16,1,256x192,331.890,5,11
grid N=11264,2816,11264,32,bfloat16,1,384x128,337.205,5,11
grid N=11264,2816,11264,32,bfloat16,1,128x256,363.550,5,11
grid N=11264,2816,11264,32,bfloat16,1,512x128,382.043,4,11
grid N=11264,2816,11264,32,bfloat16,1,prefill_wmma:smallm_off,460.913,3,11
grid N=11264,2816,11264,32,bfloat16,1,16x128,528.948,3,11
grid N=11264,2816,11264,32,bfloat16,1,256x256,622.789,2,11
grid N=11264,2816,11264,32,bfloat16,1,512x64,633.600,2,11
grid N=11264,2816,11264,32,bfloat16,8,64x32,102.435,17,11
grid N=11264,2816,11264,32,bfloat16,8,32x32,108.589,16,11
grid N=11264,2816,11264,32,bfloat16,8,64x64,118.524,15,11
grid N=11264,2816,11264,32,bfloat16,8,128x64,127.344,14,11
grid N=11264,2816,11264,32,bfloat16,8,prefill_wmma,139.415,13,11
grid N=11264,2816,11264,32,bfloat16,8,128x128,142.264,12,11
grid N=11264,2816,11264,32,bfloat16,8,32x64,150.945,11,11
grid N=11264,2816,11264,32,bfloat16,8,128x32,158.851,11,11
grid N=11264,2816,11264,32,bfloat16,8,64x128,171.803,10,11
grid N=11264,2816,11264,32,bfloat16,8,96x128,178.562,10,11
grid N=11264,2816,11264,32,bfloat16,8,112x128,182.979,9,11
grid N=11264,2816,11264,32,bfloat16,8,80x128,195.953,9,11
grid N=11264,2816,11264,32,bfloat16,8,prefill_wmma_ashuffle,203.274,8,11
grid N=11264,2816,11264,32,bfloat16,8,256x128,209.881,8,11
grid N=11264,2816,11264,32,bfloat16,8,256x64,226.006,8,11
grid N=11264,2816,11264,32,bfloat16,8,192x128,255.976,7,11
grid N=11264,2816,11264,32,bfloat16,8,256x32,288.637,6,11
grid N=11264,2816,11264,32,bfloat16,8,16x64,319.890,5,11
grid N=11264,2816,11264,32,bfloat16,8,32x128,321.362,5,11
grid N=11264,2816,11264,32,bfloat16,8,256x192,333.997,5,11
grid N=11264,2816,11264,32,bfloat16,8,384x128,336.584,5,11
grid N=11264,2816,11264,32,bfloat16,8,128x256,367.119,4,11
grid N=11264,2816,11264,32,bfloat16,8,512x128,382.682,4,11
grid N=11264,2816,11264,32,bfloat16,8,prefill_wmma:smallm_off,462.186,3,11
grid N=11264,2816,11264,32,bfloat16,8,16x128,535.021,3,11
grid N=11264,2816,11264,32,bfloat16,8,512x64,607.223,2,11
grid N=11264,2816,11264,32,bfloat16,8,256x256,624.743,2,11
grid N=11264,2816,11264,32,bfloat16,17,64x32,108.905,16,11
grid N=11264,2816,11264,32,bfloat16,17,32x32,121.040,14,11
grid N=11264,2816,11264,32,bfloat16,17,64x64,123.251,14,11
grid N=11264,2816,11264,32,bfloat16,17,128x64,130.118,13,11
grid N=11264,2816,11264,32,bfloat16,17,128x128,144.537,12,11
grid N=11264,2816,11264,32,bfloat16,17,128x32,161.082,11,11
grid N=11264,2816,11264,32,bfloat16,17,32x64,162.332,11,11
grid N=11264,2816,11264,32,bfloat16,17,prefill_wmma,163.336,11,11
grid N=11264,2816,11264,32,bfloat16,17,64x128,165.559,10,11
grid N=11264,2816,11264,32,bfloat16,17,96x128,179.018,10,11
grid N=11264,2816,11264,32,bfloat16,17,112x128,184.070,9,11
grid N=11264,2816,11264,32,bfloat16,17,80x128,194.510,9,11
grid N=11264,2816,11264,32,bfloat16,17,256x128,207.093,8,11
grid N=11264,2816,11264,32,bfloat16,17,prefill_wmma_ashuffle,214.318,8,11
grid N=11264,2816,11264,32,bfloat16,17,256x64,227.368,8,11
grid N=11264,2816,11264,32,bfloat16,17,192x128,256.698,7,11
grid N=11264,2816,11264,32,bfloat16,17,256x32,292.988,6,11
grid N=11264,2816,11264,32,bfloat16,17,16x64,318.239,5,11
grid N=11264,2816,11264,32,bfloat16,17,256x192,329.347,5,11
grid N=11264,2816,11264,32,bfloat16,17,32x128,329.848,5,11
grid N=11264,2816,11264,32,bfloat16,17,384x128,336.714,5,11
grid N=11264,2816,11264,32,bfloat16,17,128x256,370.741,4,11
grid N=11264,2816,11264,32,bfloat16,17,512x128,382.951,4,11
grid N=11264,2816,11264,32,bfloat16,17,prefill_wmma:smallm_off,482.443,3,11
grid N=11264,2816,11264,32,bfloat16,17,16x128,531.184,3,11
grid N=11264,2816,11264,32,bfloat16,17,512x64,592.803,3,11
grid N=11264,2816,11264,32,bfloat16,17,256x256,628.665,2,11
grid N=11264,2816,11264,32,bfloat16,24,64x32,110.751,16,11
grid N=11264,2816,11264,32,bfloat16,24,32x32,121.800,14,11
grid N=11264,2816,11264,32,bfloat16,24,64x64,125.093,14,11
grid N=11264,2816,11264,32,bfloat16,24,128x64,131.576,13,11
grid N=11264,2816,11264,32,bfloat16,24,128x128,145.712,12,11
grid N=11264,2816,11264,32,bfloat16,24,128x32,162.688,11,11
grid N=11264,2816,11264,32,bfloat16,24,32x64,163.907,10,11
grid N=11264,2816,11264,32,bfloat16,24,prefill_wmma,166.039,11,11
grid N=11264,2816,11264,32,bfloat16,24,64x128,167.402,10,11
grid N=11264,2816,11264,32,bfloat16,24,96x128,168.368,10,11
grid N=11264,2816,11264,32,bfloat16,24,112x128,171.238,10,11
grid N=11264,2816,11264,32,bfloat16,24,80x128,194.789,9,11
grid N=11264,2816,11264,32,bfloat16,24,256x128,205.426,8,11
grid N=11264,2816,11264,32,bfloat16,24,prefill_wmma_ashuffle,212.254,8,11
grid N=11264,2816,11264,32,bfloat16,24,256x64,226.166,8,11
grid N=11264,2816,11264,32,bfloat16,24,192x128,253.712,7,11
grid N=11264,2816,11264,32,bfloat16,24,256x32,290.088,6,11
grid N=11264,2816,11264,32,bfloat16,24,16x64,329.285,5,11
grid N=11264,2816,11264,32,bfloat16,24,384x128,329.611,5,11
grid N=11264,2816,11264,32,bfloat16,24,32x128,331.509,5,11
grid N=11264,2816,11264,32,bfloat16,24,256x192,334.111,5,11
grid N=11264,2816,11264,32,bfloat16,24,128x256,371.808,4,11
grid N=11264,2816,11264,32,bfloat16,24,512x128,376.934,4,11
grid N=11264,2816,11264,32,bfloat16,24,prefill_wmma:smallm_off,483.833,3,11
grid N=11264,2816,11264,32,bfloat16,24,16x128,538.623,3,11
grid N=11264,2816,11264,32,bfloat16,24,512x64,624.436,2,11
grid N=11264,2816,11264,32,bfloat16,24,256x256,631.521,2,11
grid N=11264,2816,11264,32,bfloat16,32,64x32,113.722,16,11
grid N=11264,2816,11264,32,bfloat16,32,64x64,125.289,14,11
grid N=11264,2816,11264,32,bfloat16,32,32x32,128.830,13,11
grid N=11264,2816,11264,32,bfloat16,32,128x64,132.786,13,11
grid N=11264,2816,11264,32,bfloat16,32,128x128,146.724,12,11
grid N=11264,2816,11264,32,bfloat16,32,96x128,160.686,11,11
grid N=11264,2816,11264,32,bfloat16,32,128x32,164.530,11,11
grid N=11264,2816,11264,32,bfloat16,32,112x128,165.683,10,11
grid N=11264,2816,11264,32,bfloat16,32,64x128,168.997,10,11
grid N=11264,2816,11264,32,bfloat16,32,32x64,171.815,10,11
grid N=11264,2816,11264,32,bfloat16,32,prefill_wmma,176.735,10,11
grid N=11264,2816,11264,32,bfloat16,32,80x128,182.709,9,11
grid N=11264,2816,11264,32,bfloat16,32,prefill_wmma_ashuffle,204.056,8,11
grid N=11264,2816,11264,32,bfloat16,32,256x128,206.024,8,11
grid N=11264,2816,11264,32,bfloat16,32,256x64,227.674,7,11
grid N=11264,2816,11264,32,bfloat16,32,192x128,244.736,7,11
grid N=11264,2816,11264,32,bfloat16,32,256x32,274.390,6,11
grid N=11264,2816,11264,32,bfloat16,32,384x128,326.807,5,11
grid N=11264,2816,11264,32,bfloat16,32,32x128,332.707,5,11
grid N=11264,2816,11264,32,bfloat16,32,16x64,333.317,5,11
grid N=11264,2816,11264,32,bfloat16,32,256x192,335.433,5,11
grid N=11264,2816,11264,32,bfloat16,32,128x256,374.264,4,11
grid N=11264,2816,11264,32,bfloat16,32,512x128,375.582,4,11
grid N=11264,2816,11264,32,bfloat16,32,prefill_wmma:smallm_off,466.980,3,11
grid N=11264,2816,11264,32,bfloat16,32,16x128,548.500,3,11
grid N=11264,2816,11264,32,bfloat16,32,512x64,564.305,3,11
grid N=11264,2816,11264,32,bfloat16,32,256x256,635.769,2,11
grid N=11264,2816,11264,32,bfloat16,48,64x32,119.057,15,11
grid N=11264,2816,11264,32,bfloat16,48,64x64,135.285,13,11
grid N=11264,2816,11264,32,bfloat16,48,128x64,137.981,13,11
grid N=11264,2816,11264,32,bfloat16,48,128x128,152.821,11,11
grid N=11264,2816,11264,32,bfloat16,48,32x32,156.073,11,11
grid N=11264,2816,11264,32,bfloat16,48,96x128,163.661,11,11
grid N=11264,2816,11264,32,bfloat16,48,112x128,168.417,10,11
grid N=11264,2816,11264,32,bfloat16,48,128x32,177.678,10,11
grid N=11264,2816,11264,32,bfloat16,48,64x128,177.820,10,11
grid N=11264,2816,11264,32,bfloat16,48,32x64,184.851,9,11
grid N=11264,2816,11264,32,bfloat16,48,80x128,188.247,9,11
grid N=11264,2816,11264,32,bfloat16,48,prefill_wmma,202.217,9,11
grid N=11264,2816,11264,32,bfloat16,48,256x128,207.212,8,11
grid N=11264,2816,11264,32,bfloat16,48,prefill_wmma_ashuffle,218.017,8,11
grid N=11264,2816,11264,32,bfloat16,48,256x64,228.551,7,11
grid N=11264,2816,11264,32,bfloat16,48,192x128,241.095,7,11
grid N=11264,2816,11264,32,bfloat16,48,256x32,275.799,6,11
grid N=11264,2816,11264,32,bfloat16,48,384x128,317.480,5,11
grid N=11264,2816,11264,32,bfloat16,48,32x128,334.117,5,11
grid N=11264,2816,11264,32,bfloat16,48,256x192,339.149,5,11
grid N=11264,2816,11264,32,bfloat16,48,16x64,341.128,5,11
grid N=11264,2816,11264,32,bfloat16,48,512x128,375.777,4,11
grid N=11264,2816,11264,32,bfloat16,48,128x256,384.908,4,11
grid N=11264,2816,11264,32,bfloat16,48,prefill_wmma:smallm_off,484.922,3,11
grid N=11264,2816,11264,32,bfloat16,48,16x128,551.265,3,11
grid N=11264,2816,11264,32,bfloat16,48,512x64,596.351,3,11
grid N=11264,2816,11264,32,bfloat16,48,256x256,641.196,2,11
grid N=11264,2816,11264,32,bfloat16,63,64x32,127.405,13,11
grid N=11264,2816,11264,32,bfloat16,63,128x64,140.406,13,11
grid N=11264,2816,11264,32,bfloat16,63,64x64,141.516,12,11
grid N=11264,2816,11264,32,bfloat16,63,128x128,154.084,11,11
grid N=11264,2816,11264,32,bfloat16,63,32x32,164.456,10,11
grid N=11264,2816,11264,32,bfloat16,63,96x128,171.181,10,11
grid N=11264,2816,11264,32,bfloat16,63,112x128,175.794,10,11
grid N=11264,2816,11264,32,bfloat16,63,128x32,180.987,10,11
grid N=11264,2816,11264,32,bfloat16,63,64x128,186.232,9,11
grid N=11264,2816,11264,32,bfloat16,63,32x64,191.177,9,11
grid N=11264,2816,11264,32,bfloat16,63,80x128,193.101,9,11
grid N=11264,2816,11264,32,bfloat16,63,256x128,209.037,8,11
grid N=11264,2816,11264,32,bfloat16,63,prefill_wmma,229.408,7,11
grid N=11264,2816,11264,32,bfloat16,63,256x64,230.208,7,11
grid N=11264,2816,11264,32,bfloat16,63,prefill_wmma_ashuffle,230.217,7,11
grid N=11264,2816,11264,32,bfloat16,63,192x128,255.236,7,11
grid N=11264,2816,11264,32,bfloat16,63,256x32,278.362,6,11
grid N=11264,2816,11264,32,bfloat16,63,384x128,318.500,5,11
grid N=11264,2816,11264,32,bfloat16,63,256x192,338.392,5,11
grid N=11264,2816,11264,32,bfloat16,63,32x128,345.444,5,11
grid N=11264,2816,11264,32,bfloat16,63,16x64,349.073,5,11
grid N=11264,2816,11264,32,bfloat16,63,512x128,363.501,4,11
grid N=11264,2816,11264,32,bfloat16,63,128x256,390.318,4,11
grid N=11264,2816,11264,32,bfloat16,63,prefill_wmma:smallm_off,526.731,3,11
grid N=11264,2816,11264,32,bfloat16,63,16x128,554.958,3,11
grid N=11264,2816,11264,32,bfloat16,63,512x64,623.346,3,11
grid N=11264,2816,11264,32,bfloat16,63,256x256,647.667,2,11
grid N=11264,2816,11264,32,bfloat16,64,64x32,128.075,14,11
grid N=11264,2816,11264,32,bfloat16,64,128x64,140.623,12,11
grid N=11264,2816,11264,32,bfloat16,64,64x64,141.833,12,11
grid N=11264,2816,11264,32,bfloat16,64,128x128,154.381,11,11
grid N=11264,2816,11264,32,bfloat16,64,96x128,171.350,10,11
grid N=11264,2816,11264,32,bfloat16,64,32x32,172.711,9,11
grid N=11264,2816,11264,32,bfloat16,64,112x128,175.895,10,11
grid N=11264,2816,11264,32,bfloat16,64,128x32,180.301,10,11
grid N=11264,2816,11264,32,bfloat16,64,64x128,187.011,9,11
grid N=11264,2816,11264,32,bfloat16,64,32x64,189.588,9,11
grid N=11264,2816,11264,32,bfloat16,64,80x128,193.369,9,11
grid N=11264,2816,11264,32,bfloat16,64,256x128,208.713,8,11
grid N=11264,2816,11264,32,bfloat16,64,256x64,229.630,7,11
grid N=11264,2816,11264,32,bfloat16,64,prefill_wmma_ashuffle,229.822,7,11
grid N=11264,2816,11264,32,bfloat16,64,prefill_wmma,233.974,7,11
grid N=11264,2816,11264,32,bfloat16,64,192x128,255.832,7,11
grid N=11264,2816,11264,32,bfloat16,64,256x32,277.162,6,11
grid N=11264,2816,11264,32,bfloat16,64,384x128,317.860,5,11
grid N=11264,2816,11264,32,bfloat16,64,256x192,342.925,5,11
grid N=11264,2816,11264,32,bfloat16,64,32x128,346.481,5,11
grid N=11264,2816,11264,32,bfloat16,64,16x64,347.696,5,11
grid N=11264,2816,11264,32,bfloat16,64,512x128,364.240,4,11
grid N=11264,2816,11264,32,bfloat16,64,128x256,392.182,4,11
grid N=11264,2816,11264,32,bfloat16,64,prefill_wmma:smallm_off,522.371,3,11
grid N=11264,2816,11264,32,bfloat16,64,16x128,559.605,3,11
grid N=11264,2816,11264,32,bfloat16,64,512x64,609.241,3,11
grid N=11264,2816,11264,32,bfloat16,64,256x256,647.242,2,11
grid N=11264,2816,11264,32,bfloat16,96,128x64,150.310,11,11
grid N=11264,2816,11264,32,bfloat16,96,128x128,162.399,10,11
grid N=11264,2816,11264,32,bfloat16,96,96x128,179.876,10,11
grid N=11264,2816,11264,32,bfloat16,96,112x128,184.965,9,11
grid N=11264,2816,11264,32,bfloat16,96,64x64,186.132,9,11
grid N=11264,2816,11264,32,bfloat16,96,128x32,196.825,9,11
grid N=11264,2816,11264,32,bfloat16,96,64x128,209.858,8,11
grid N=11264,2816,11264,32,bfloat16,96,64x32,215.897,8,11
grid N=11264,2816,11264,32,bfloat16,96,32x64,220.779,8,11
grid N=11264,2816,11264,32,bfloat16,96,256x128,224.277,7,11
grid N=11264,2816,11264,32,bfloat16,96,256x64,244.927,7,11
grid N=11264,2816,11264,32,bfloat16,96,192x128,257.940,6,11
grid N=11264,2816,11264,32,bfloat16,96,prefill_wmma_ashuffle,262.379,6,11
grid N=11264,2816,11264,32,bfloat16,96,32x32,276.711,6,11
grid N=11264,2816,11264,32,bfloat16,96,256x32,299.473,6,11
grid N=11264,2816,11264,32,bfloat16,96,384x128,313.791,5,11
grid N=11264,2816,11264,32,bfloat16,96,prefill_wmma,350.410,5,11
grid N=11264,2816,11264,32,bfloat16,96,32x128,352.717,5,11
grid N=11264,2816,11264,32,bfloat16,96,80x128,357.043,5,11
grid N=11264,2816,11264,32,bfloat16,96,512x128,367.505,4,11
grid N=11264,2816,11264,32,bfloat16,96,256x192,370.054,4,11
grid N=11264,2816,11264,32,bfloat16,96,128x256,404.197,4,11
grid N=11264,2816,11264,32,bfloat16,96,16x128,568.270,3,11
grid N=11264,2816,11264,32,bfloat16,96,512x64,614.361,2,11
grid N=11264,2816,11264,32,bfloat16,96,prefill_wmma:smallm_off,620.001,2,11
grid N=11264,2816,11264,32,bfloat16,96,256x256,671.787,2,11
grid N=11264,2816,11264,32,bfloat16,96,16x64,773.678,2,11
grid N=11264,2816,11264,32,bfloat16,128,128x64,156.748,11,11
grid N=11264,2816,11264,32,bfloat16,128,128x128,170.091,10,11
grid N=11264,2816,11264,32,bfloat16,128,64x64,191.392,9,11
grid N=11264,2816,11264,32,bfloat16,128,128x32,209.352,8,11
grid N=11264,2816,11264,32,bfloat16,128,64x128,215.464,8,11
grid N=11264,2816,11264,32,bfloat16,128,64x32,219.953,8,11
grid N=11264,2816,11264,32,bfloat16,128,256x128,225.645,7,11
grid N=11264,2816,11264,32,bfloat16,128,256x64,248.356,7,11
grid N=11264,2816,11264,32,bfloat16,128,32x64,252.396,6,11
grid N=11264,2816,11264,32,bfloat16,128,32x32,284.614,6,11
grid N=11264,2816,11264,32,bfloat16,128,192x128,287.541,6,11
grid N=11264,2816,11264,32,bfloat16,128,prefill_wmma_ashuffle,292.911,6,11
grid N=11264,2816,11264,32,bfloat16,128,256x32,302.878,6,11
grid N=11264,2816,11264,32,bfloat16,128,96x128,317.925,5,11
grid N=11264,2816,11264,32,bfloat16,128,112x128,325.257,5,11
grid N=11264,2816,11264,32,bfloat16,128,384x128,337.387,5,11
grid N=11264,2816,11264,32,bfloat16,128,32x128,362.854,5,11
grid N=11264,2816,11264,32,bfloat16,128,256x192,363.137,5,11
grid N=11264,2816,11264,32,bfloat16,128,512x128,365.731,4,11
grid N=11264,2816,11264,32,bfloat16,128,128x256,414.664,4,11
grid N=11264,2816,11264,32,bfloat16,128,80x128,490.768,3,11
grid N=11264,2816,11264,32,bfloat16,128,512x64,632.007,2,11
grid N=11264,2816,11264,32,bfloat16,128,prefill_wmma:smallm_off,647.383,2,11
grid N=11264,2816,11264,32,bfloat16,128,prefill_wmma,648.493,2,11
grid N=11264,2816,11264,32,bfloat16,128,256x256,677.444,2,11
grid N=11264,2816,11264,32,bfloat16,128,16x64,1061.644,2,11
grid N=11264,2816,11264,32,bfloat16,128,16x128,1675.017,2,11
grid N=11264,2816,11264,32,bfloat16,192,256x128,241.898,7,11
grid N=11264,2816,11264,32,bfloat16,192,256x64,264.401,6,11
grid N=11264,2816,11264,32,bfloat16,192,128x64,271.928,6,11
grid N=11264,2816,11264,32,bfloat16,192,64x64,288.124,6,11
grid N=11264,2816,11264,32,bfloat16,192,128x128,296.883,5,11
grid N=11264,2816,11264,32,bfloat16,192,192x128,302.993,5,11
grid N=11264,2816,11264,32,bfloat16,192,64x32,324.749,5,11
grid N=11264,2816,11264,32,bfloat16,192,112x128,324.750,5,11
grid N=11264,2816,11264,32,bfloat16,192,256x32,329.509,5,11
grid N=11264,2816,11264,32,bfloat16,192,96x128,329.541,5,11
grid N=11264,2816,11264,32,bfloat16,192,384x128,347.493,5,11
grid N=11264,2816,11264,32,bfloat16,192,128x32,351.155,5,11
grid N=11264,2816,11264,32,bfloat16,192,prefill_wmma_ashuffle,359.001,5,11
grid N=11264,2816,11264,32,bfloat16,192,512x128,388.328,4,11
grid N=11264,2816,11264,32,bfloat16,192,80x128,390.634,4,11
grid N=11264,2816,11264,32,bfloat16,192,64x128,402.717,4,11
grid N=11264,2816,11264,32,bfloat16,192,256x192,404.073,4,11
grid N=11264,2816,11264,32,bfloat16,192,32x64,409.768,4,11
grid N=11264,2816,11264,32,bfloat16,192,32x32,415.356,4,11
grid N=11264,2816,11264,32,bfloat16,192,512x64,669.371,2,11
grid N=11264,2816,11264,32,bfloat16,192,256x256,697.330,2,11
grid N=11264,2816,11264,32,bfloat16,192,prefill_wmma:smallm_off,754.689,2,11
grid N=11264,2816,11264,32,bfloat16,192,prefill_wmma,757.916,2,11
grid N=11264,2816,11264,32,bfloat16,192,128x256,758.347,2,11
grid N=11264,2816,11264,32,bfloat16,192,32x128,831.053,2,11
grid N=11264,2816,11264,32,bfloat16,192,16x64,1372.882,2,11
grid N=11264,2816,11264,32,bfloat16,192,16x128,1690.967,2,11
grid N=11264,2816,11264,32,bfloat16,256,256x128,273.801,6,11
grid N=11264,2816,11264,32,bfloat16,256,128x64,283.625,6,11
grid N=11264,2816,11264,32,bfloat16,256,256x64,287.944,6,11
grid N=11264,2816,11264,32,bfloat16,256,128x128,311.936,5,11
grid N=11264,2816,11264,32,bfloat16,256,64x64,345.253,5,11
grid N=11264,2816,11264,32,bfloat16,256,128x32,363.342,5,11
grid N=11264,2816,11264,32,bfloat16,256,256x32,363.361,4,11
grid N=11264,2816,11264,32,bfloat16,256,384x128,377.172,4,11
grid N=11264,2816,11264,32,bfloat16,256,64x32,390.825,4,11
grid N=11264,2816,11264,32,bfloat16,256,512x128,398.629,4,11
grid N=11264,2816,11264,32,bfloat16,256,256x192,418.349,4,11
grid N=11264,2816,11264,32,bfloat16,256,96x128,425.125,4,11
grid N=11264,2816,11264,32,bfloat16,256,prefill_wmma_ashuffle,431.963,4,11
grid N=11264,2816,11264,32,bfloat16,256,192x128,448.806,3,11
grid N=11264,2816,11264,32,bfloat16,256,112x128,477.105,3,11
grid N=11264,2816,11264,32,bfloat16,256,32x64,489.877,3,11
grid N=11264,2816,11264,32,bfloat16,256,32x32,510.264,3,11
grid N=11264,2816,11264,32,bfloat16,256,80x128,542.660,3,11
grid N=11264,2816,11264,32,bfloat16,256,512x64,641.658,2,11
grid N=11264,2816,11264,32,bfloat16,256,256x256,727.388,2,11
grid N=11264,2816,11264,32,bfloat16,256,128x256,804.889,2,11
grid N=11264,2816,11264,32,bfloat16,256,prefill_wmma:smallm_off,920.804,2,11
grid N=11264,2816,11264,32,bfloat16,256,64x128,921.585,2,11
grid N=11264,2816,11264,32,bfloat16,256,prefill_wmma,926.564,2,11
grid N=11264,2816,11264,32,bfloat16,256,32x128,1370.386,2,11
grid N=11264,2816,11264,32,bfloat16,256,16x64,1568.667,2,11
grid N=11264,2816,11264,32,bfloat16,256,16x128,2470.483,2,11
grid N=11264,2816,11264,32,bfloat16,512,256x128,451.177,3,11
grid N=11264,2816,11264,32,bfloat16,512,512x128,464.772,3,11
grid N=11264,2816,11264,32,bfloat16,512,128x128,514.611,3,11
grid N=11264,2816,11264,32,bfloat16,512,256x64,529.765,3,11
grid N=11264,2816,11264,32,bfloat16,512,128x64,537.692,3,11
grid N=11264,2816,11264,32,bfloat16,512,64x64,669.760,2,11
grid N=11264,2816,11264,32,bfloat16,512,112x128,698.377,2,11
grid N=11264,2816,11264,32,bfloat16,512,prefill_wmma_ashuffle,704.331,2,11
grid N=11264,2816,11264,32,bfloat16,512,256x32,707.370,2,11
grid N=11264,2816,11264,32,bfloat16,512,128x32,712.793,2,11
grid N=11264,2816,11264,32,bfloat16,512,192x128,719.012,2,11
grid N=11264,2816,11264,32,bfloat16,512,512x64,721.475,2,11
grid N=11264,2816,11264,32,bfloat16,512,384x128,738.592,2,11
grid N=11264,2816,11264,32,bfloat16,512,64x32,746.125,2,11
grid N=11264,2816,11264,32,bfloat16,512,96x128,796.571,2,11
grid N=11264,2816,11264,32,bfloat16,512,32x64,943.087,2,11
grid N=11264,2816,11264,32,bfloat16,512,32x32,980.088,2,11
grid N=11264,2816,11264,32,bfloat16,512,80x128,1079.913,2,11
grid N=11264,2816,11264,32,bfloat16,512,64x128,1302.694,2,11
grid N=11264,2816,11264,32,bfloat16,512,256x256,1330.425,2,11
grid N=11264,2816,11264,32,bfloat16,512,128x256,1429.814,2,11
grid N=11264,2816,11264,32,bfloat16,512,prefill_wmma:smallm_off,1726.800,2,11
grid N=11264,2816,11264,32,bfloat16,512,prefill_wmma,1750.700,2,11
grid N=11264,2816,11264,32,bfloat16,512,32x128,2034.619,2,11
grid N=11264,2816,11264,32,bfloat16,512,256x192,2120.504,2,11
grid N=11264,2816,11264,32,bfloat16,512,16x64,2362.318,2,11
grid N=11264,2816,11264,32,bfloat16,512,16x128,3895.112,2,11
grid N=11264,2816,11264,32,bfloat16,1024,256x128,848.886,2,11
grid N=11264,2816,11264,32,bfloat16,1024,512x128,891.381,2,11
grid N=11264,2816,11264,32,bfloat16,1024,128x128,1019.372,2,11
grid N=11264,2816,11264,32,bfloat16,1024,256x64,1032.276,2,11
grid N=11264,2816,11264,32,bfloat16,1024,128x64,1037.583,2,11
grid N=11264,2816,11264,32,bfloat16,1024,prefill_wmma_ashuffle,1373.126,2,11
grid N=11264,2816,11264,32,bfloat16,1024,384x128,1380.150,2,11
grid N=11264,2816,11264,32,bfloat16,1024,64x64,1438.885,2,11
grid N=11264,2816,11264,32,bfloat16,1024,256x32,1494.008,2,11
grid N=11264,2816,11264,32,bfloat16,1024,128x32,1501.782,2,11
grid N=11264,2816,11264,32,bfloat16,1024,512x64,1535.030,2,11
grid N=11264,2816,11264,32,bfloat16,1024,192x128,1550.530,2,11
grid N=11264,2816,11264,32,bfloat16,1024,112x128,1576.702,2,11
grid N=11264,2816,11264,32,bfloat16,1024,96x128,1598.780,2,11
grid N=11264,2816,11264,32,bfloat16,1024,64x32,1620.344,2,11
grid N=11264,2816,11264,32,bfloat16,1024,64x128,1924.014,2,11
grid N=11264,2816,11264,32,bfloat16,1024,32x32,1972.553,2,11
grid N=11264,2816,11264,32,bfloat16,1024,32x64,1986.118,2,11
grid N=11264,2816,11264,32,bfloat16,1024,80x128,2206.925,2,11
grid N=11264,2816,11264,32,bfloat16,1024,256x256,2318.888,2,11
grid N=11264,2816,11264,32,bfloat16,1024,128x256,2495.330,2,11
grid N=11264,2816,11264,32,bfloat16,1024,32x128,2582.808,2,11
grid N=11264,2816,11264,32,bfloat16,1024,prefill_wmma,3227.126,2,11
grid N=11264,2816,11264,32,bfloat16,1024,prefill_wmma:smallm_off,3230.041,2,11
grid N=11264,2816,11264,32,bfloat16,1024,256x192,3748.197,2,11
grid N=11264,2816,11264,32,bfloat16,1024,16x64,4021.564,2,11
grid N=11264,2816,11264,32,bfloat16,1024,16x128,7188.517,2,11
grid N=11264,2816,11264,32,bfloat16,2048,256x128,1846.409,2,11
grid N=11264,2816,11264,32,bfloat16,2048,512x128,1881.271,2,11
grid N=11264,2816,11264,32,bfloat16,2048,128x128,2130.209,2,11
grid N=11264,2816,11264,32,bfloat16,2048,128x64,2186.732,2,11
grid N=11264,2816,11264,32,bfloat16,2048,256x64,2206.863,2,11
grid N=11264,2816,11264,32,bfloat16,2048,384x128,2351.443,2,11
grid N=11264,2816,11264,32,bfloat16,2048,192x128,2546.698,2,11
grid N=11264,2816,11264,32,bfloat16,2048,prefill_wmma_ashuffle,2644.015,2,11
grid N=11264,2816,11264,32,bfloat16,2048,112x128,2691.968,2,11
grid N=11264,2816,11264,32,bfloat16,2048,64x64,2714.601,2,11
grid N=11264,2816,11264,32,bfloat16,2048,128x32,2828.203,2,11
grid N=11264,2816,11264,32,bfloat16,2048,256x32,2828.799,2,11
grid N=11264,2816,11264,32,bfloat16,2048,96x128,2833.275,2,11
grid N=11264,2816,11264,32,bfloat16,2048,512x64,2852.070,2,11
grid N=11264,2816,11264,32,bfloat16,2048,64x128,2880.072,2,11
grid N=11264,2816,11264,32,bfloat16,2048,64x32,3064.557,2,11
grid N=11264,2816,11264,32,bfloat16,2048,80x128,3542.622,2,11
grid N=11264,2816,11264,32,bfloat16,2048,32x64,3636.853,2,11
grid N=11264,2816,11264,32,bfloat16,2048,32x32,3935.416,2,11
grid N=11264,2816,11264,32,bfloat16,2048,256x256,4188.021,2,11
grid N=11264,2816,11264,32,bfloat16,2048,32x128,4537.271,2,11
grid N=11264,2816,11264,32,bfloat16,2048,128x256,4623.225,2,11
grid N=11264,2816,11264,32,bfloat16,2048,prefill_wmma:smallm_off,6325.747,2,11
grid N=11264,2816,11264,32,bfloat16,2048,prefill_wmma,6326.022,2,11
grid N=11264,2816,11264,32,bfloat16,2048,16x64,7176.460,2,11
grid N=11264,2816,11264,32,bfloat16,2048,256x192,7210.125,2,11
grid N=11264,2816,11264,32,bfloat16,2048,16x128,12933.583,2,11
lag.gate_up  tp1,2048,16384,32,bfloat16,1,128x32,156.027,12,10
lag.gate_up  tp1,2048,16384,32,bfloat16,1,128x64,169.531,11,10
lag.gate_up  tp1,2048,16384,32,bfloat16,1,256x128,205.088,9,10
lag.gate_up  tp1,2048,16384,32,bfloat16,1,64x32,206.449,9,10
lag.gate_up  tp1,2048,16384,32,bfloat16,1,prefill_wmma,221.328,8,10
lag.gate_up  tp1,2048,16384,32,bfloat16,1,prefill_wmma_ashuffle,230.512,8,10
lag.gate_up  tp1,2048,16384,32,bfloat16,1,192x128,231.313,8,10
lag.gate_up  tp1,2048,16384,32,bfloat16,1,256x64,241.938,8,10
lag.gate_up  tp1,2048,16384,32,bfloat16,1,256x32,297.583,6,10
lag.gate_up  tp1,2048,16384,32,bfloat16,1,64x64,336.522,5,10
lag.gate_up  tp1,2048,16384,32,bfloat16,1,64x128,341.525,5,10
lag.gate_up  tp1,2048,16384,32,bfloat16,1,128x128,352.086,5,10
lag.gate_up  tp1,2048,16384,32,bfloat16,1,16x64,359.619,5,10
lag.gate_up  tp1,2048,16384,32,bfloat16,1,80x128,362.961,5,10
lag.gate_up  tp1,2048,16384,32,bfloat16,1,32x64,383.592,5,10
lag.gate_up  tp1,2048,16384,32,bfloat16,1,32x32,389.034,5,10
lag.gate_up  tp1,2048,16384,32,bfloat16,1,96x128,401.873,4,10
lag.gate_up  tp1,2048,16384,32,bfloat16,1,112x128,403.343,4,10
lag.gate_up  tp1,2048,16384,32,bfloat16,1,32x128,413.612,4,10
lag.gate_up  tp1,2048,16384,32,bfloat16,1,16x128,466.962,4,10
lag.gate_up  tp1,2048,16384,32,bfloat16,1,256x192,487.979,4,10
lag.gate_up  tp1,2048,16384,32,bfloat16,1,128x256,520.738,3,10
lag.gate_up  tp1,2048,16384,32,bfloat16,1,384x128,532.207,3,10
lag.gate_up  tp1,2048,16384,32,bfloat16,1,256x256,581.535,3,10
lag.gate_up  tp1,2048,16384,32,bfloat16,1,512x128,593.575,3,10
lag.gate_up  tp1,2048,16384,32,bfloat16,1,prefill_wmma:smallm_off,662.053,2,10
lag.gate_up  tp1,2048,16384,32,bfloat16,1,512x64,1250.891,2,10
lag.gate_up  tp1,2048,16384,32,bfloat16,8,128x64,169.892,11,10
lag.gate_up  tp1,2048,16384,32,bfloat16,8,128x32,180.394,10,10
lag.gate_up  tp1,2048,16384,32,bfloat16,8,256x128,211.556,9,10
lag.gate_up  tp1,2048,16384,32,bfloat16,8,prefill_wmma_ashuffle,213.457,9,10
lag.gate_up  tp1,2048,16384,32,bfloat16,8,192x128,231.679,8,10
lag.gate_up  tp1,2048,16384,32,bfloat16,8,prefill_wmma,234.025,8,10
lag.gate_up  tp1,2048,16384,32,bfloat16,8,256x64,246.703,8,10
lag.gate_up  tp1,2048,16384,32,bfloat16,8,64x32,274.541,7,10
lag.gate_up  tp1,2048,16384,32,bfloat16,8,256x32,302.739,6,10
lag.gate_up  tp1,2048,16384,32,bfloat16,8,128x128,355.883,5,10
lag.gate_up  tp1,2048,16384,32,bfloat16,8,16x64,365.071,5,10
lag.gate_up  tp1,2048,16384,32,bfloat16,8,64x64,377.382,5,10
lag.gate_up  tp1,2048,16384,32,bfloat16,8,32x32,393.535,5,10
lag.gate_up  tp1,2048,16384,32,bfloat16,8,112x128,400.739,4,10
lag.gate_up  tp1,2048,16384,32,bfloat16,8,32x64,403.392,4,10
lag.gate_up  tp1,2048,16384,32,bfloat16,8,64x128,404.634,4,10
lag.gate_up  tp1,2048,16384,32,bfloat16,8,96x128,406.318,4,10
lag.gate_up  tp1,2048,16384,32,bfloat16,8,80x128,407.242,4,10
lag.gate_up  tp1,2048,16384,32,bfloat16,8,32x128,418.012,4,10
lag.gate_up  tp1,2048,16384,32,bfloat16,8,16x128,468.317,4,10
lag.gate_up  tp1,2048,16384,32,bfloat16,8,256x192,484.620,4,10
lag.gate_up  tp1,2048,16384,32,bfloat16,8,128x256,527.899,3,10
lag.gate_up  tp1,2048,16384,32,bfloat16,8,384x128,531.821,3,10
lag.gate_up  tp1,2048,16384,32,bfloat16,8,256x256,588.263,3,10
lag.gate_up  tp1,2048,16384,32,bfloat16,8,512x128,608.794,3,10
lag.gate_up  tp1,2048,16384,32,bfloat16,8,prefill_wmma:smallm_off,651.226,3,10
lag.gate_up  tp1,2048,16384,32,bfloat16,8,512x64,1239.571,2,10
lag.gate_up  tp1,2048,16384,32,bfloat16,17,128x64,156.620,13,10
lag.gate_up  tp1,2048,16384,32,bfloat16,17,128x32,162.633,10,10
lag.gate_up  tp1,2048,16384,32,bfloat16,17,256x128,210.609,9,10
lag.gate_up  tp1,2048,16384,32,bfloat16,17,prefill_wmma_ashuffle,216.382,9,10
lag.gate_up  tp1,2048,16384,32,bfloat16,17,prefill_wmma,228.430,8,10
lag.gate_up  tp1,2048,16384,32,bfloat16,17,192x128,232.955,8,10
lag.gate_up  tp1,2048,16384,32,bfloat16,17,64x32,235.947,8,10
lag.gate_up  tp1,2048,16384,32,bfloat16,17,256x64,239.521,8,10
lag.gate_up  tp1,2048,16384,32,bfloat16,17,256x32,300.809,6,10
lag.gate_up  tp1,2048,16384,32,bfloat16,17,64x64,349.224,5,10
lag.gate_up  tp1,2048,16384,32,bfloat16,17,16x64,355.335,5,10
lag.gate_up  tp1,2048,16384,32,bfloat16,17,128x128,360.376,5,10
lag.gate_up  tp1,2048,16384,32,bfloat16,17,64x128,371.182,5,10
lag.gate_up  tp1,2048,16384,32,bfloat16,17,80x128,390.397,5,10
lag.gate_up  tp1,2048,16384,32,bfloat16,17,32x32,393.525,5,10
lag.gate_up  tp1,2048,16384,32,bfloat16,17,112x128,405.600,4,10
lag.gate_up  tp1,2048,16384,32,bfloat16,17,96x128,408.212,4,10
lag.gate_up  tp1,2048,16384,32,bfloat16,17,32x64,417.000,4,10
lag.gate_up  tp1,2048,16384,32,bfloat16,17,32x128,428.105,4,10
lag.gate_up  tp1,2048,16384,32,bfloat16,17,16x128,463.278,4,10
lag.gate_up  tp1,2048,16384,32,bfloat16,17,256x192,469.953,4,10
lag.gate_up  tp1,2048,16384,32,bfloat16,17,512x128,504.858,3,10
lag.gate_up  tp1,2048,16384,32,bfloat16,17,384x128,518.088,3,10
lag.gate_up  tp1,2048,16384,32,bfloat16,17,128x256,528.593,3,10
lag.gate_up  tp1,2048,16384,32,bfloat16,17,256x256,599.270,3,10
lag.gate_up  tp1,2048,16384,32,bfloat16,17,prefill_wmma:smallm_off,628.821,3,10
lag.gate_up  tp1,2048,16384,32,bfloat16,17,512x64,1095.917,2,10
lag.gate_up  tp1,2048,16384,32,bfloat16,24,128x64,152.593,13,10
lag.gate_up  tp1,2048,16384,32,bfloat16,24,128x32,162.237,12,10
lag.gate_up  tp1,2048,16384,32,bfloat16,24,256x128,210.554,9,10
lag.gate_up  tp1,2048,16384,32,bfloat16,24,prefill_wmma_ashuffle,210.699,9,10
lag.gate_up  tp1,2048,16384,32,bfloat16,24,256x64,231.270,8,10
lag.gate_up  tp1,2048,16384,32,bfloat16,24,192x128,233.316,8,10
lag.gate_up  tp1,2048,16384,32,bfloat16,24,prefill_wmma,234.481,8,10
lag.gate_up  tp1,2048,16384,32,bfloat16,24,64x32,262.045,7,10
lag.gate_up  tp1,2048,16384,32,bfloat16,24,256x32,286.167,7,10
lag.gate_up  tp1,2048,16384,32,bfloat16,24,128x128,359.767,5,10
lag.gate_up  tp1,2048,16384,32,bfloat16,24,16x64,363.709,5,10
lag.gate_up  tp1,2048,16384,32,bfloat16,24,64x64,387.648,5,10
lag.gate_up  tp1,2048,16384,32,bfloat16,24,32x32,393.032,5,10
lag.gate_up  tp1,2048,16384,32,bfloat16,24,112x128,404.394,4,10
lag.gate_up  tp1,2048,16384,32,bfloat16,24,80x128,409.306,4,10
lag.gate_up  tp1,2048,16384,32,bfloat16,24,96x128,411.319,4,10
lag.gate_up  tp1,2048,16384,32,bfloat16,24,64x128,424.857,4,10
lag.gate_up  tp1,2048,16384,32,bfloat16,24,32x64,433.370,4,10
lag.gate_up  tp1,2048,16384,32,bfloat16,24,32x128,434.118,4,10
lag.gate_up  tp1,2048,16384,32,bfloat16,24,16x128,469.850,4,10
lag.gate_up  tp1,2048,16384,32,bfloat16,24,256x192,471.481,4,10
lag.gate_up  tp1,2048,16384,32,bfloat16,24,384x128,503.723,4,10
lag.gate_up  tp1,2048,16384,32,bfloat16,24,512x128,530.389,3,10
lag.gate_up  tp1,2048,16384,32,bfloat16,24,128x256,532.370,3,10
lag.gate_up  tp1,2048,16384,32,bfloat16,24,256x256,595.096,3,10
lag.gate_up  tp1,2048,16384,32,bfloat16,24,prefill_wmma:smallm_off,603.263,3,10
lag.gate_up  tp1,2048,16384,32,bfloat16,24,512x64,1061.431,2,10
lag.gate_up  tp1,2048,16384,32,bfloat16,32,128x64,150.975,12,10
lag.gate_up  tp1,2048,16384,32,bfloat16,32,128x32,164.751,11,10
lag.gate_up  tp1,2048,16384,32,bfloat16,32,256x128,204.205,9,10
lag.gate_up  tp1,2048,16384,32,bfloat16,32,prefill_wmma_ashuffle,209.254,9,10
lag.gate_up  tp1,2048,16384,32,bfloat16,32,256x64,231.734,8,10
lag.gate_up  tp1,2048,16384,32,bfloat16,32,192x128,233.001,8,10
lag.gate_up  tp1,2048,16384,32,bfloat16,32,prefill_wmma,248.782,7,10
lag.gate_up  tp1,2048,16384,32,bfloat16,32,64x32,267.903,7,10
lag.gate_up  tp1,2048,16384,32,bfloat16,32,256x32,287.093,7,10
lag.gate_up  tp1,2048,16384,32,bfloat16,32,128x128,360.476,5,10
lag.gate_up  tp1,2048,16384,32,bfloat16,32,16x64,379.734,5,10
lag.gate_up  tp1,2048,16384,32,bfloat16,32,64x64,391.048,5,10
lag.gate_up  tp1,2048,16384,32,bfloat16,32,32x32,395.013,5,10
lag.gate_up  tp1,2048,16384,32,bfloat16,32,112x128,408.237,4,10
lag.gate_up  tp1,2048,16384,32,bfloat16,32,96x128,412.139,4,10
lag.gate_up  tp1,2048,16384,32,bfloat16,32,80x128,413.425,4,10
lag.gate_up  tp1,2048,16384,32,bfloat16,32,64x128,432.404,4,10
lag.gate_up  tp1,2048,16384,32,bfloat16,32,32x128,437.164,4,10
lag.gate_up  tp1,2048,16384,32,bfloat16,32,32x64,441.776,4,10
lag.gate_up  tp1,2048,16384,32,bfloat16,32,256x192,465.130,4,10
lag.gate_up  tp1,2048,16384,32,bfloat16,32,16x128,484.532,4,10
lag.gate_up  tp1,2048,16384,32,bfloat16,32,384x128,504.012,3,10
lag.gate_up  tp1,2048,16384,32,bfloat16,32,128x256,532.483,3,10
lag.gate_up  tp1,2048,16384,32,bfloat16,32,512x128,535.681,3,10
lag.gate_up  tp1,2048,16384,32,bfloat16,32,256x256,598.160,3,10
lag.gate_up  tp1,2048,16384,32,bfloat16,32,prefill_wmma:smallm_off,611.950,3,10
lag.gate_up  tp1,2048,16384,32,bfloat16,32,512x64,1143.324,2,10
lag.gate_up  tp1,2048,16384,32,bfloat16,48,128x64,160.972,12,10
lag.gate_up  tp1,2048,16384,32,bfloat16,48,128x32,177.160,11,10
lag.gate_up  tp1,2048,16384,32,bfloat16,48,256x128,203.968,9,10
lag.gate_up  tp1,2048,16384,32,bfloat16,48,prefill_wmma_ashuffle,220.278,9,10
lag.gate_up  tp1,2048,16384,32,bfloat16,48,192x128,232.163,8,10
lag.gate_up  tp1,2048,16384,32,bfloat16,48,256x64,235.028,8,10
lag.gate_up  tp1,2048,16384,32,bfloat16,48,64x32,243.234,7,10
lag.gate_up  tp1,2048,16384,32,bfloat16,48,prefill_wmma,269.862,7,10
lag.gate_up  tp1,2048,16384,32,bfloat16,48,32x32,282.537,6,10
lag.gate_up  tp1,2048,16384,32,bfloat16,48,256x32,292.331,7,10
lag.gate_up  tp1,2048,16384,32,bfloat16,48,64x64,356.050,5,10
lag.gate_up  tp1,2048,16384,32,bfloat16,48,128x128,358.950,5,10
lag.gate_up  tp1,2048,16384,32,bfloat16,48,16x64,370.675,5,10
lag.gate_up  tp1,2048,16384,32,bfloat16,48,32x64,380.780,5,10
lag.gate_up  tp1,2048,16384,32,bfloat16,48,64x128,393.059,5,10
lag.gate_up  tp1,2048,16384,32,bfloat16,48,80x128,408.326,5,10
lag.gate_up  tp1,2048,16384,32,bfloat16,48,112x128,410.902,4,10
lag.gate_up  tp1,2048,16384,32,bfloat16,48,96x128,416.774,4,10
lag.gate_up  tp1,2048,16384,32,bfloat16,48,32x128,430.874,4,10
lag.gate_up  tp1,2048,16384,32,bfloat16,48,256x192,436.582,4,10
lag.gate_up  tp1,2048,16384,32,bfloat16,48,16x128,488.432,4,10
lag.gate_up  tp1,2048,16384,32,bfloat16,48,384x128,516.338,4,10
lag.gate_up  tp1,2048,16384,32,bfloat16,48,512x128,528.463,3,10
lag.gate_up  tp1,2048,16384,32,bfloat16,48,128x256,538.523,3,10
lag.gate_up  tp1,2048,16384,32,bfloat16,48,256x256,593.348,3,10
lag.gate_up  tp1,2048,16384,32,bfloat16,48,prefill_wmma:smallm_off,609.527,3,10
lag.gate_up  tp1,2048,16384,32,bfloat16,48,512x64,1128.495,2,10
lag.gate_up  tp1,2048,16384,32,bfloat16,63,128x64,163.523,12,10
lag.gate_up  tp1,2048,16384,32,bfloat16,63,128x32,192.550,9,10
lag.gate_up  tp1,2048,16384,32,bfloat16,63,256x128,202.667,9,10
lag.gate_up  tp1,2048,16384,32,bfloat16,63,prefill_wmma_ashuffle,231.541,8,10
lag.gate_up  tp1,2048,16384,32,bfloat16,63,256x64,236.598,8,10
lag.gate_up  tp1,2048,16384,32,bfloat16,63,192x128,243.897,8,10
lag.gate_up  tp1,2048,16384,32,bfloat16,63,64x32,273.141,7,10
lag.gate_up  tp1,2048,16384,32,bfloat16,63,32x32,283.118,7,10
lag.gate_up  tp1,2048,16384,32,bfloat16,63,prefill_wmma,288.197,6,10
lag.gate_up  tp1,2048,16384,32,bfloat16,63,256x32,293.786,7,10
lag.gate_up  tp1,2048,16384,32,bfloat16,63,128x128,357.615,5,10
lag.gate_up  tp1,2048,16384,32,bfloat16,63,16x64,369.309,5,10
lag.gate_up  tp1,2048,16384,32,bfloat16,63,64x64,405.652,4,10
lag.gate_up  tp1,2048,16384,32,bfloat16,63,32x64,412.907,4,10
lag.gate_up  tp1,2048,16384,32,bfloat16,63,112x128,413.593,4,10
lag.gate_up  tp1,2048,16384,32,bfloat16,63,96x128,420.902,4,10
lag.gate_up  tp1,2048,16384,32,bfloat16,63,80x128,422.003,4,10
lag.gate_up  tp1,2048,16384,32,bfloat16,63,32x128,442.137,4,10
lag.gate_up  tp1,2048,16384,32,bfloat16,63,256x192,443.550,4,10
lag.gate_up  tp1,2048,16384,32,bfloat16,63,64x128,448.766,4,10
lag.gate_up  tp1,2048,16384,32,bfloat16,63,16x128,497.442,4,10
lag.gate_up  tp1,2048,16384,32,bfloat16,63,384x128,515.371,3,10
lag.gate_up  tp1,2048,16384,32,bfloat16,63,512x128,522.965,3,10
lag.gate_up  tp1,2048,16384,32,bfloat16,63,128x256,548.645,3,10
lag.gate_up  tp1,2048,16384,32,bfloat16,63,256x256,600.478,3,10
lag.gate_up  tp1,2048,16384,32,bfloat16,63,prefill_wmma:smallm_off,683.739,2,10
lag.gate_up  tp1,2048,16384,32,bfloat16,63,512x64,1057.590,2,10
lag.gate_up  tp1,2048,16384,32,bfloat16,64,128x64,163.425,12,10
lag.gate_up  tp1,2048,16384,32,bfloat16,64,128x32,186.448,11,10
lag.gate_up  tp1,2048,16384,32,bfloat16,64,256x128,203.361,9,10
lag.gate_up  tp1,2048,16384,32,bfloat16,64,prefill_wmma_ashuffle,234.163,8,10
lag.gate_up  tp1,2048,16384,32,bfloat16,64,256x64,236.280,8,10
lag.gate_up  tp1,2048,16384,32,bfloat16,64,192x128,243.855,8,10
lag.gate_up  tp1,2048,16384,32,bfloat16,64,64x32,272.655,7,10
lag.gate_up  tp1,2048,16384,32,bfloat16,64,32x32,285.923,7,10
lag.gate_up  tp1,2048,16384,32,bfloat16,64,256x32,293.678,7,10
lag.gate_up  tp1,2048,16384,32,bfloat16,64,prefill_wmma,296.535,6,10
lag.gate_up  tp1,2048,16384,32,bfloat16,64,128x128,358.131,5,10
lag.gate_up  tp1,2048,16384,32,bfloat16,64,16x64,369.740,5,10
lag.gate_up  tp1,2048,16384,32,bfloat16,64,64x64,402.426,4,10
lag.gate_up  tp1,2048,16384,32,bfloat16,64,112x128,413.532,4,10
lag.gate_up  tp1,2048,16384,32,bfloat16,64,32x64,418.323,4,10
lag.gate_up  tp1,2048,16384,32,bfloat16,64,96x128,420.561,4,10
lag.gate_up  tp1,2048,16384,32,bfloat16,64,80x128,422.470,4,10
lag.gate_up  tp1,2048,16384,32,bfloat16,64,32x128,445.688,4,10
lag.gate_up  tp1,2048,16384,32,bfloat16,64,256x192,448.936,4,10
lag.gate_up  tp1,2048,16384,32,bfloat16,64,64x128,449.936,4,10
lag.gate_up  tp1,2048,16384,32,bfloat16,64,16x128,497.090,4,10
lag.gate_up  tp1,2048,16384,32,bfloat16,64,384x128,520.848,3,10
lag.gate_up  tp1,2048,16384,32,bfloat16,64,512x128,543.929,3,10
lag.gate_up  tp1,2048,16384,32,bfloat16,64,128x256,554.554,3,10
lag.gate_up  tp1,2048,16384,32,bfloat16,64,256x256,596.783,3,10
lag.gate_up  tp1,2048,16384,32,bfloat16,64,prefill_wmma:smallm_off,677.989,2,10
lag.gate_up  tp1,2048,16384,32,bfloat16,64,512x64,1230.279,2,10
lag.gate_up  tp1,2048,16384,32,bfloat16,96,128x64,176.835,11,10
lag.gate_up  tp1,2048,16384,32,bfloat16,96,256x128,211.926,9,10
lag.gate_up  tp1,2048,16384,32,bfloat16,96,128x32,212.997,9,10
lag.gate_up  tp1,2048,16384,32,bfloat16,96,64x32,236.426,8,10
lag.gate_up  tp1,2048,16384,32,bfloat16,96,192x128,245.890,8,10
lag.gate_up  tp1,2048,16384,32,bfloat16,96,64x64,247.208,7,10
lag.gate_up  tp1,2048,16384,32,bfloat16,96,256x64,252.991,7,10
lag.gate_up  tp1,2048,16384,32,bfloat16,96,32x32,262.845,7,10
lag.gate_up  tp1,2048,16384,32,bfloat16,96,prefill_wmma_ashuffle,263.591,7,10
lag.gate_up  tp1,2048,16384,32,bfloat16,96,256x32,315.726,6,10
lag.gate_up  tp1,2048,16384,32,bfloat16,96,80x128,349.256,5,10
lag.gate_up  tp1,2048,16384,32,bfloat16,96,32x64,360.715,5,10
lag.gate_up  tp1,2048,16384,32,bfloat16,96,64x128,361.225,5,10
lag.gate_up  tp1,2048,16384,32,bfloat16,96,128x128,365.555,5,10
lag.gate_up  tp1,2048,16384,32,bfloat16,96,prefill_wmma,408.730,5,10
lag.gate_up  tp1,2048,16384,32,bfloat16,96,96x128,414.298,5,10
lag.gate_up  tp1,2048,16384,32,bfloat16,96,112x128,422.242,4,10
lag.gate_up  tp1,2048,16384,32,bfloat16,96,32x128,441.210,4,10
lag.gate_up  tp1,2048,16384,32,bfloat16,96,384x128,452.007,4,10
lag.gate_up  tp1,2048,16384,32,bfloat16,96,512x128,482.575,4,10
lag.gate_up  tp1,2048,16384,32,bfloat16,96,256x192,536.798,3,10
lag.gate_up  tp1,2048,16384,32,bfloat16,96,128x256,567.716,3,10
lag.gate_up  tp1,2048,16384,32,bfloat16,96,256x256,610.910,3,10
lag.gate_up  tp1,2048,16384,32,bfloat16,96,prefill_wmma:smallm_off,720.310,2,10
lag.gate_up  tp1,2048,16384,32,bfloat16,96,16x64,841.070,2,10
lag.gate_up  tp1,2048,16384,32,bfloat16,96,16x128,1036.124,2,10
lag.gate_up  tp1,2048,16384,32,bfloat16,96,512x64,1130.804,2,10
lag.gate_up  tp1,2048,16384,32,bfloat16,128,128x64,194.114,10,10
lag.gate_up  tp1,2048,16384,32,bfloat16,128,256x128,216.823,9,10
lag.gate_up  tp1,2048,16384,32,bfloat16,128,128x32,223.714,8,10
lag.gate_up  tp1,2048,16384,32,bfloat16,128,64x64,238.643,8,10
lag.gate_up  tp1,2048,16384,32,bfloat16,128,256x64,256.475,7,10
lag.gate_up  tp1,2048,16384,32,bfloat16,128,64x32,266.044,6,10
lag.gate_up  tp1,2048,16384,32,bfloat16,128,96x128,285.353,6,10
lag.gate_up  tp1,2048,16384,32,bfloat16,128,prefill_wmma_ashuffle,296.431,6,10
lag.gate_up  tp1,2048,16384,32,bfloat16,128,256x32,318.408,6,10
lag.gate_up  tp1,2048,16384,32,bfloat16,128,112x128,340.609,5,10
lag.gate_up  tp1,2048,16384,32,bfloat16,128,192x128,366.164,5,10
lag.gate_up  tp1,2048,16384,32,bfloat16,128,128x128,368.359,5,10
lag.gate_up  tp1,2048,16384,32,bfloat16,128,32x64,377.715,5,10
lag.gate_up  tp1,2048,16384,32,bfloat16,128,64x128,392.285,5,10
lag.gate_up  tp1,2048,16384,32,bfloat16,128,32x32,397.054,5,10
lag.gate_up  tp1,2048,16384,32,bfloat16,128,32x128,439.554,4,10
lag.gate_up  tp1,2048,16384,32,bfloat16,128,384x128,451.121,4,10
lag.gate_up  tp1,2048,16384,32,bfloat16,128,512x128,489.465,3,10
lag.gate_up  tp1,2048,16384,32,bfloat16,128,256x192,524.687,3,10
lag.gate_up  tp1,2048,16384,32,bfloat16,128,128x256,586.497,3,10
lag.gate_up  tp1,2048,16384,32,bfloat16,128,256x256,616.399,3,10
lag.gate_up  tp1,2048,16384,32,bfloat16,128,80x128,636.999,3,10
lag.gate_up  tp1,2048,16384,32,bfloat16,128,prefill_wmma:smallm_off,744.482,2,10
lag.gate_up  tp1,2048,16384,32,bfloat16,128,prefill_wmma,752.162,2,10
lag.gate_up  tp1,2048,16384,32,bfloat16,128,16x64,956.233,2,10
lag.gate_up  tp1,2048,16384,32,bfloat16,128,512x64,1288.302,2,10
lag.gate_up  tp1,2048,16384,32,bfloat16,128,16x128,1327.920,2,10
lag.gate_up  tp1,2048,16384,32,bfloat16,192,256x128,232.486,8,10
lag.gate_up  tp1,2048,16384,32,bfloat16,192,256x64,276.866,7,10
lag.gate_up  tp1,2048,16384,32,bfloat16,192,128x128,281.059,7,10
lag.gate_up  tp1,2048,16384,32,bfloat16,192,128x64,291.731,6,10
lag.gate_up  tp1,2048,16384,32,bfloat16,192,64x64,326.039,6,10
lag.gate_up  tp1,2048,16384,32,bfloat16,192,prefill_wmma_ashuffle,339.639,6,10
lag.gate_up  tp1,2048,16384,32,bfloat16,192,256x32,347.836,5,10
lag.gate_up  tp1,2048,16384,32,bfloat16,192,64x32,363.906,5,10
lag.gate_up  tp1,2048,16384,32,bfloat16,192,128x32,377.593,5,10
lag.gate_up  tp1,2048,16384,32,bfloat16,192,384x128,444.869,4,10
lag.gate_up  tp1,2048,16384,32,bfloat16,192,192x128,463.752,4,10
lag.gate_up  tp1,2048,16384,32,bfloat16,192,512x128,488.230,4,10
lag.gate_up  tp1,2048,16384,32,bfloat16,192,32x64,504.915,4,10
lag.gate_up  tp1,2048,16384,32,bfloat16,192,32x32,531.551,3,10
lag.gate_up  tp1,2048,16384,32,bfloat16,192,256x192,567.457,3,10
lag.gate_up  tp1,2048,16384,32,bfloat16,192,96x128,589.613,3,10
lag.gate_up  tp1,2048,16384,32,bfloat16,192,112x128,591.940,3,10
lag.gate_up  tp1,2048,16384,32,bfloat16,192,256x256,624.662,3,10
lag.gate_up  tp1,2048,16384,32,bfloat16,192,128x256,657.426,3,10
lag.gate_up  tp1,2048,16384,32,bfloat16,192,80x128,665.206,3,10
lag.gate_up  tp1,2048,16384,32,bfloat16,192,64x128,745.498,2,10
lag.gate_up  tp1,2048,16384,32,bfloat16,192,prefill_wmma:smallm_off,880.548,2,10
lag.gate_up  tp1,2048,16384,32,bfloat16,192,prefill_wmma,886.262,2,10
lag.gate_up  tp1,2048,16384,32,bfloat16,192,32x128,901.384,2,10
lag.gate_up  tp1,2048,16384,32,bfloat16,192,512x64,1339.484,2,10
lag.gate_up  tp1,2048,16384,32,bfloat16,192,16x64,1349.397,2,10
lag.gate_up  tp1,2048,16384,32,bfloat16,192,16x128,1892.890,2,10
lag.gate_up  tp1,2048,16384,32,bfloat16,256,256x128,253.444,7,10
lag.gate_up  tp1,2048,16384,32,bfloat16,256,256x64,304.000,6,10
lag.gate_up  tp1,2048,16384,32,bfloat16,256,128x64,324.376,6,10
lag.gate_up  tp1,2048,16384,32,bfloat16,256,256x32,406.559,5,10
lag.gate_up  tp1,2048,16384,32,bfloat16,256,128x32,412.361,4,10
lag.gate_up  tp1,2048,16384,32,bfloat16,256,64x64,416.394,4,10
lag.gate_up  tp1,2048,16384,32,bfloat16,256,prefill_wmma_ashuffle,425.603,4,10
lag.gate_up  tp1,2048,16384,32,bfloat16,256,384x128,452.970,4,10
lag.gate_up  tp1,2048,16384,32,bfloat16,256,64x32,455.169,4,10
lag.gate_up  tp1,2048,16384,32,bfloat16,256,128x128,479.008,4,10
lag.gate_up  tp1,2048,16384,32,bfloat16,256,512x128,482.515,4,10
lag.gate_up  tp1,2048,16384,32,bfloat16,256,192x128,484.259,4,10
lag.gate_up  tp1,2048,16384,32,bfloat16,256,96x128,516.502,3,10
lag.gate_up  tp1,2048,16384,32,bfloat16,256,112x128,527.819,3,10
lag.gate_up  tp1,2048,16384,32,bfloat16,256,256x192,590.401,3,10
lag.gate_up  tp1,2048,16384,32,bfloat16,256,32x32,627.122,3,10
lag.gate_up  tp1,2048,16384,32,bfloat16,256,32x64,634.422,3,10
lag.gate_up  tp1,2048,16384,32,bfloat16,256,256x256,650.621,3,10
lag.gate_up  tp1,2048,16384,32,bfloat16,256,128x256,693.172,2,10
lag.gate_up  tp1,2048,16384,32,bfloat16,256,64x128,783.449,2,10
lag.gate_up  tp1,2048,16384,32,bfloat16,256,80x128,830.823,2,10
lag.gate_up  tp1,2048,16384,32,bfloat16,256,32x128,940.927,2,10
lag.gate_up  tp1,2048,16384,32,bfloat16,256,prefill_wmma,997.116,2,10
lag.gate_up  tp1,2048,16384,32,bfloat16,256,prefill_wmma:smallm_off,998.604,2,10
lag.gate_up  tp1,2048,16384,32,bfloat16,256,512x64,1442.206,2,10
lag.gate_up  tp1,2048,16384,32,bfloat16,256,16x64,1557.153,2,10
lag.gate_up  tp1,2048,16384,32,bfloat16,256,16x128,2479.394,2,10
lag.gate_up  tp1,2048,16384,32,bfloat16,512,256x128,468.825,4,10
lag.gate_up  tp1,2048,16384,32,bfloat16,512,256x64,574.599,3,10
lag.gate_up  tp1,2048,16384,32,bfloat16,512,128x64,585.116,3,10
lag.gate_up  tp1,2048,16384,32,bfloat16,512,128x128,707.714,2,10
lag.gate_up  tp1,2048,16384,32,bfloat16,512,192x128,718.624,2,10
lag.gate_up  tp1,2048,16384,32,bfloat16,512,128x32,740.996,2,10
lag.gate_up  tp1,2048,16384,32,bfloat16,512,64x64,751.310,2,10
lag.gate_up  tp1,2048,16384,32,bfloat16,512,384x128,760.198,2,10
lag.gate_up  tp1,2048,16384,32,bfloat16,512,256x32,769.307,2,10
lag.gate_up  tp1,2048,16384,32,bfloat16,512,512x64,798.933,2,10
lag.gate_up  tp1,2048,16384,32,bfloat16,512,64x32,811.055,2,10
lag.gate_up  tp1,2048,16384,32,bfloat16,512,prefill_wmma_ashuffle,837.630,2,10
lag.gate_up  tp1,2048,16384,32,bfloat16,512,96x128,848.048,2,10
lag.gate_up  tp1,2048,16384,32,bfloat16,512,512x128,927.811,2,10
lag.gate_up  tp1,2048,16384,32,bfloat16,512,112x128,1016.404,2,10
lag.gate_up  tp1,2048,16384,32,bfloat16,512,32x32,1138.606,2,10
lag.gate_up  tp1,2048,16384,32,bfloat16,512,32x64,1286.182,2,10
lag.gate_up  tp1,2048,16384,32,bfloat16,512,256x256,1353.755,2,10
lag.gate_up  tp1,2048,16384,32,bfloat16,512,80x128,1404.125,2,10
lag.gate_up  tp1,2048,16384,32,bfloat16,512,128x256,1481.846,2,10
lag.gate_up  tp1,2048,16384,32,bfloat16,512,64x128,1491.267,2,10
lag.gate_up  tp1,2048,16384,32,bfloat16,512,prefill_wmma:smallm_off,1844.777,2,10
lag.gate_up  tp1,2048,16384,32,bfloat16,512,32x128,1863.748,2,10
lag.gate_up  tp1,2048,16384,32,bfloat16,512,prefill_wmma,1872.114,2,10
lag.gate_up  tp1,2048,16384,32,bfloat16,512,256x192,2123.341,2,10
lag.gate_up  tp1,2048,16384,32,bfloat16,512,16x64,2459.932,2,10
lag.gate_up  tp1,2048,16384,32,bfloat16,512,16x128,4204.736,2,10
lag.gate_up  tp1,2048,16384,32,bfloat16,1024,256x128,918.781,2,10
lag.gate_up  tp1,2048,16384,32,bfloat16,1024,128x64,1266.291,2,10
lag.gate_up  tp1,2048,16384,32,bfloat16,1024,256x64,1331.518,2,10
lag.gate_up  tp1,2048,16384,32,bfloat16,1024,128x128,1389.473,2,10
lag.gate_up  tp1,2048,16384,32,bfloat16,1024,384x128,1405.289,2,10
lag.gate_up  tp1,2048,16384,32,bfloat16,1024,512x128,1548.297,2,10
lag.gate_up  tp1,2048,16384,32,bfloat16,1024,256x32,1620.592,2,10
lag.gate_up  tp1,2048,16384,32,bfloat16,1024,64x64,1628.916,2,10
lag.gate_up  tp1,2048,16384,32,bfloat16,1024,192x128,1635.184,2,10
lag.gate_up  tp1,2048,16384,32,bfloat16,1024,128x32,1653.991,2,10
lag.gate_up  tp1,2048,16384,32,bfloat16,1024,prefill_wmma_ashuffle,1693.563,2,10
lag.gate_up  tp1,2048,16384,32,bfloat16,1024,112x128,1740.800,2,10
lag.gate_up  tp1,2048,16384,32,bfloat16,1024,512x64,1770.996,2,10
lag.gate_up  tp1,2048,16384,32,bfloat16,1024,64x32,1771.686,2,10
lag.gate_up  tp1,2048,16384,32,bfloat16,1024,64x128,2009.870,2,10
lag.gate_up  tp1,2048,16384,32,bfloat16,1024,96x128,2067.212,2,10
lag.gate_up  tp1,2048,16384,32,bfloat16,1024,80x128,2219.310,2,10
lag.gate_up  tp1,2048,16384,32,bfloat16,1024,32x64,2288.626,2,10
lag.gate_up  tp1,2048,16384,32,bfloat16,1024,32x32,2294.660,2,10
lag.gate_up  tp1,2048,16384,32,bfloat16,1024,256x256,2367.621,2,10
lag.gate_up  tp1,2048,16384,32,bfloat16,1024,128x256,2608.536,2,10
lag.gate_up  tp1,2048,16384,32,bfloat16,1024,32x128,2945.867,2,10
lag.gate_up  tp1,2048,16384,32,bfloat16,1024,prefill_wmma:smallm_off,3653.490,2,10
lag.gate_up  tp1,2048,16384,32,bfloat16,1024,prefill_wmma,3776.336,2,10
lag.gate_up  tp1,2048,16384,32,bfloat16,1024,256x192,3863.525,2,10
lag.gate_up  tp1,2048,16384,32,bfloat16,1024,16x64,4405.779,2,10
lag.gate_up  tp1,2048,16384,32,bfloat16,1024,16x128,7850.282,2,10
lag.gate_up  tp1,2048,16384,32,bfloat16,2048,256x128,1966.931,2,10
lag.gate_up  tp1,2048,16384,32,bfloat16,2048,512x128,1990.105,2,10
lag.gate_up  tp1,2048,16384,32,bfloat16,2048,128x128,2338.526,2,10
lag.gate_up  tp1,2048,16384,32,bfloat16,2048,128x64,2376.107,2,10
lag.gate_up  tp1,2048,16384,32,bfloat16,2048,256x64,2392.807,2,10
lag.gate_up  tp1,2048,16384,32,bfloat16,2048,384x128,2507.543,2,10
lag.gate_up  tp1,2048,16384,32,bfloat16,2048,192x128,2794.426,2,10
lag.gate_up  tp1,2048,16384,32,bfloat16,2048,prefill_wmma_ashuffle,2878.512,2,10
lag.gate_up  tp1,2048,16384,32,bfloat16,2048,64x64,2989.203,2,10
lag.gate_up  tp1,2048,16384,32,bfloat16,2048,512x64,3076.580,2,10
lag.gate_up  tp1,2048,16384,32,bfloat16,2048,112x128,3123.617,2,10
lag.gate_up  tp1,2048,16384,32,bfloat16,2048,128x32,3177.380,2,10
lag.gate_up  tp1,2048,16384,32,bfloat16,2048,256x32,3216.845,2,10
lag.gate_up  tp1,2048,16384,32,bfloat16,2048,96x128,3224.025,2,10
lag.gate_up  tp1,2048,16384,32,bfloat16,2048,64x128,3229.284,2,10
lag.gate_up  tp1,2048,16384,32,bfloat16,2048,64x32,3368.406,2,10
lag.gate_up  tp1,2048,16384,32,bfloat16,2048,80x128,3860.963,2,10
lag.gate_up  tp1,2048,16384,32,bfloat16,2048,32x64,4206.796,2,10
lag.gate_up  tp1,2048,16384,32,bfloat16,2048,256x256,4504.062,2,10
lag.gate_up  tp1,2048,16384,32,bfloat16,2048,32x32,4543.557,2,10
lag.gate_up  tp1,2048,16384,32,bfloat16,2048,128x256,4937.038,2,10
lag.gate_up  tp1,2048,16384,32,bfloat16,2048,32x128,4984.127,2,10
lag.gate_up  tp1,2048,16384,32,bfloat16,2048,256x192,6758.835,2,10
lag.gate_up  tp1,2048,16384,32,bfloat16,2048,prefill_wmma:smallm_off,7145.692,2,10
lag.gate_up  tp1,2048,16384,32,bfloat16,2048,prefill_wmma,7221.857,2,10
lag.gate_up  tp1,2048,16384,32,bfloat16,2048,16x64,8286.343,2,10
lag.gate_up  tp1,2048,16384,32,bfloat16,2048,16x128,16136.937,2,10
q27.gate_up  tp2,5120,17408,32,bfloat16,1,128x64,362.464,10,5
q27.gate_up  tp2,5120,17408,32,bfloat16,1,64x32,391.082,10,5
q27.gate_up  tp2,5120,17408,32,bfloat16,1,128x32,415.198,9,5
q27.gate_up  tp2,5120,17408,32,bfloat16,1,32x32,436.291,9,5
q27.gate_up  tp2,5120,17408,32,bfloat16,1,prefill_wmma,447.660,8,5
q27.gate_up  tp2,5120,17408,32,bfloat16,1,64x64,470.479,8,5
q27.gate_up  tp2,5120,17408,32,bfloat16,1,32x64,524.276,7,5
q27.gate_up  tp2,5120,17408,32,bfloat16,1,64x128,545.852,7,5
q27.gate_up  tp2,5120,17408,32,bfloat16,1,prefill_wmma_ashuffle,594.576,6,5
q27.gate_up  tp2,5120,17408,32,bfloat16,1,256x64,610.155,6,5
q27.gate_up  tp2,5120,17408,32,bfloat16,1,128x128,614.765,6,5
q27.gate_up  tp2,5120,17408,32,bfloat16,1,256x128,627.407,6,5
q27.gate_up  tp2,5120,17408,32,bfloat16,1,16x64,636.938,6,5
q27.gate_up  tp2,5120,17408,32,bfloat16,1,32x128,650.513,6,5
q27.gate_up  tp2,5120,17408,32,bfloat16,1,112x128,671.019,5,5
q27.gate_up  tp2,5120,17408,32,bfloat16,1,96x128,675.996,5,5
q27.gate_up  tp2,5120,17408,32,bfloat16,1,192x128,706.250,5,5
q27.gate_up  tp2,5120,17408,32,bfloat16,1,256x32,738.938,5,5
q27.gate_up  tp2,5120,17408,32,bfloat16,1,256x192,899.470,4,5
q27.gate_up  tp2,5120,17408,32,bfloat16,1,80x128,934.419,4,5
q27.gate_up  tp2,5120,17408,32,bfloat16,1,384x128,1010.274,4,5
q27.gate_up  tp2,5120,17408,32,bfloat16,1,16x128,1304.359,3,5
q27.gate_up  tp2,5120,17408,32,bfloat16,1,512x128,1307.426,2,5
q27.gate_up  tp2,5120,17408,32,bfloat16,1,prefill_wmma:smallm_off,1520.393,2,5
q27.gate_up  tp2,5120,17408,32,bfloat16,1,128x256,1907.070,2,5
q27.gate_up  tp2,5120,17408,32,bfloat16,1,256x256,2126.997,2,5
q27.gate_up  tp2,5120,17408,32,bfloat16,1,512x64,3132.387,2,5
q27.gate_up  tp2,5120,17408,32,bfloat16,8,128x64,374.724,10,5
q27.gate_up  tp2,5120,17408,32,bfloat16,8,64x32,400.128,9,5
q27.gate_up  tp2,5120,17408,32,bfloat16,8,128x32,437.085,9,5
q27.gate_up  tp2,5120,17408,32,bfloat16,8,32x32,438.258,9,5
q27.gate_up  tp2,5120,17408,32,bfloat16,8,prefill_wmma,447.738,8,5
q27.gate_up  tp2,5120,17408,32,bfloat16,8,64x64,475.319,8,5
q27.gate_up  tp2,5120,17408,32,bfloat16,8,prefill_wmma_ashuffle,525.806,7,5
q27.gate_up  tp2,5120,17408,32,bfloat16,8,32x64,528.979,7,5
q27.gate_up  tp2,5120,17408,32,bfloat16,8,64x128,555.097,7,5
q27.gate_up  tp2,5120,17408,32,bfloat16,8,256x128,614.577,6,5
q27.gate_up  tp2,5120,17408,32,bfloat16,8,128x128,615.059,6,5
q27.gate_up  tp2,5120,17408,32,bfloat16,8,256x64,627.298,6,5
q27.gate_up  tp2,5120,17408,32,bfloat16,8,16x64,645.198,6,5
q27.gate_up  tp2,5120,17408,32,bfloat16,8,32x128,650.538,6,5
q27.gate_up  tp2,5120,17408,32,bfloat16,8,96x128,674.580,5,5
q27.gate_up  tp2,5120,17408,32,bfloat16,8,112x128,675.672,5,5
q27.gate_up  tp2,5120,17408,32,bfloat16,8,192x128,700.096,5,5
q27.gate_up  tp2,5120,17408,32,bfloat16,8,256x32,758.694,5,5
q27.gate_up  tp2,5120,17408,32,bfloat16,8,256x192,894.150,4,5
q27.gate_up  tp2,5120,17408,32,bfloat16,8,80x128,908.609,4,5
q27.gate_up  tp2,5120,17408,32,bfloat16,8,384x128,963.377,4,5
q27.gate_up  tp2,5120,17408,32,bfloat16,8,16x128,1295.482,3,5
q27.gate_up  tp2,5120,17408,32,bfloat16,8,512x128,1301.898,3,5
q27.gate_up  tp2,5120,17408,32,bfloat16,8,prefill_wmma:smallm_off,1574.570,2,5
q27.gate_up  tp2,5120,17408,32,bfloat16,8,128x256,1907.918,2,5
q27.gate_up  tp2,5120,17408,32,bfloat16,8,256x256,2153.986,2,5
q27.gate_up  tp2,5120,17408,32,bfloat16,8,512x64,2721.822,2,5
q27.gate_up  tp2,5120,17408,32,bfloat16,17,128x64,381.076,10,5
q27.gate_up  tp2,5120,17408,32,bfloat16,17,64x32,442.251,9,5
q27.gate_up  tp2,5120,17408,32,bfloat16,17,128x32,445.187,9,5
q27.gate_up  tp2,5120,17408,32,bfloat16,17,32x32,470.772,8,5
q27.gate_up  tp2,5120,17408,32,bfloat16,17,64x64,480.867,8,5
q27.gate_up  tp2,5120,17408,32,bfloat16,17,prefill_wmma,493.284,8,5
q27.gate_up  tp2,5120,17408,32,bfloat16,17,64x128,535.851,7,5
q27.gate_up  tp2,5120,17408,32,bfloat16,17,32x64,535.937,7,5
q27.gate_up  tp2,5120,17408,32,bfloat16,17,prefill_wmma_ashuffle,566.611,6,5
q27.gate_up  tp2,5120,17408,32,bfloat16,17,128x128,612.134,6,5
q27.gate_up  tp2,5120,17408,32,bfloat16,17,256x128,617.010,6,5
q27.gate_up  tp2,5120,17408,32,bfloat16,17,256x64,634.699,6,5
q27.gate_up  tp2,5120,17408,32,bfloat16,17,16x64,646.386,6,5
q27.gate_up  tp2,5120,17408,32,bfloat16,17,32x128,648.364,6,5
q27.gate_up  tp2,5120,17408,32,bfloat16,17,112x128,670.886,5,5
q27.gate_up  tp2,5120,17408,32,bfloat16,17,96x128,674.070,5,5
q27.gate_up  tp2,5120,17408,32,bfloat16,17,192x128,696.253,5,5
q27.gate_up  tp2,5120,17408,32,bfloat16,17,256x32,765.862,5,5
q27.gate_up  tp2,5120,17408,32,bfloat16,17,80x128,900.420,4,5
q27.gate_up  tp2,5120,17408,32,bfloat16,17,256x192,904.924,4,5
q27.gate_up  tp2,5120,17408,32,bfloat16,17,384x128,962.747,4,5
q27.gate_up  tp2,5120,17408,32,bfloat16,17,16x128,1269.090,3,5
q27.gate_up  tp2,5120,17408,32,bfloat16,17,512x128,1294.508,3,5
q27.gate_up  tp2,5120,17408,32,bfloat16,17,prefill_wmma:smallm_off,1514.209,2,5
q27.gate_up  tp2,5120,17408,32,bfloat16,17,128x256,1914.226,2,5
q27.gate_up  tp2,5120,17408,32,bfloat16,17,512x64,2021.144,2,5
q27.gate_up  tp2,5120,17408,32,bfloat16,17,256x256,2122.013,2,5
q27.gate_up  tp2,5120,17408,32,bfloat16,24,128x64,382.142,10,5
q27.gate_up  tp2,5120,17408,32,bfloat16,24,128x32,430.134,9,5
q27.gate_up  tp2,5120,17408,32,bfloat16,24,64x32,443.272,9,5
q27.gate_up  tp2,5120,17408,32,bfloat16,24,32x32,471.156,8,5
q27.gate_up  tp2,5120,17408,32,bfloat16,24,64x64,483.781,8,5
q27.gate_up  tp2,5120,17408,32,bfloat16,24,prefill_wmma,491.922,8,5
q27.gate_up  tp2,5120,17408,32,bfloat16,24,32x64,533.476,7,5
q27.gate_up  tp2,5120,17408,32,bfloat16,24,64x128,534.537,7,5
q27.gate_up  tp2,5120,17408,32,bfloat16,24,prefill_wmma_ashuffle,572.976,6,5
q27.gate_up  tp2,5120,17408,32,bfloat16,24,256x128,604.746,6,5
q27.gate_up  tp2,5120,17408,32,bfloat16,24,128x128,611.866,6,5
q27.gate_up  tp2,5120,17408,32,bfloat16,24,256x64,616.210,6,5
q27.gate_up  tp2,5120,17408,32,bfloat16,24,16x64,646.844,6,5
q27.gate_up  tp2,5120,17408,32,bfloat16,24,32x128,648.612,6,5
q27.gate_up  tp2,5120,17408,32,bfloat16,24,112x128,663.009,5,5
q27.gate_up  tp2,5120,17408,32,bfloat16,24,96x128,677.061,5,5
q27.gate_up  tp2,5120,17408,32,bfloat16,24,192x128,698.141,5,5
q27.gate_up  tp2,5120,17408,32,bfloat16,24,256x32,757.610,5,5
q27.gate_up  tp2,5120,17408,32,bfloat16,24,256x192,912.445,4,5
q27.gate_up  tp2,5120,17408,32,bfloat16,24,80x128,927.085,4,5
q27.gate_up  tp2,5120,17408,32,bfloat16,24,384x128,964.187,4,5
q27.gate_up  tp2,5120,17408,32,bfloat16,24,16x128,1284.210,3,5
q27.gate_up  tp2,5120,17408,32,bfloat16,24,512x128,1297.802,3,5
q27.gate_up  tp2,5120,17408,32,bfloat16,24,prefill_wmma:smallm_off,1548.405,2,5
q27.gate_up  tp2,5120,17408,32,bfloat16,24,512x64,1821.373,2,5
q27.gate_up  tp2,5120,17408,32,bfloat16,24,128x256,1923.906,2,5
q27.gate_up  tp2,5120,17408,32,bfloat16,24,256x256,2151.798,2,5
q27.gate_up  tp2,5120,17408,32,bfloat16,32,128x64,381.859,10,5
q27.gate_up  tp2,5120,17408,32,bfloat16,32,128x32,432.212,9,5
q27.gate_up  tp2,5120,17408,32,bfloat16,32,64x32,443.944,9,5
q27.gate_up  tp2,5120,17408,32,bfloat16,32,64x64,485.122,8,5
q27.gate_up  tp2,5120,17408,32,bfloat16,32,32x32,491.082,7,5
q27.gate_up  tp2,5120,17408,32,bfloat16,32,prefill_wmma,527.933,7,5
q27.gate_up  tp2,5120,17408,32,bfloat16,32,32x64,540.923,7,5
q27.gate_up  tp2,5120,17408,32,bfloat16,32,64x128,542.300,7,5
q27.gate_up  tp2,5120,17408,32,bfloat16,32,prefill_wmma_ashuffle,577.372,6,5
q27.gate_up  tp2,5120,17408,32,bfloat16,32,256x128,600.318,6,5
q27.gate_up  tp2,5120,17408,32,bfloat16,32,128x128,612.519,6,5
q27.gate_up  tp2,5120,17408,32,bfloat16,32,256x64,615.788,6,5
q27.gate_up  tp2,5120,17408,32,bfloat16,32,32x128,660.370,6,5
q27.gate_up  tp2,5120,17408,32,bfloat16,32,16x64,675.240,5,5
q27.gate_up  tp2,5120,17408,32,bfloat16,32,96x128,691.501,5,5
q27.gate_up  tp2,5120,17408,32,bfloat16,32,192x128,694.317,5,5
q27.gate_up  tp2,5120,17408,32,bfloat16,32,112x128,697.142,5,5
q27.gate_up  tp2,5120,17408,32,bfloat16,32,256x32,752.804,5,5
q27.gate_up  tp2,5120,17408,32,bfloat16,32,256x192,915.871,4,5
q27.gate_up  tp2,5120,17408,32,bfloat16,32,80x128,929.357,4,5
q27.gate_up  tp2,5120,17408,32,bfloat16,32,384x128,959.265,4,5
q27.gate_up  tp2,5120,17408,32,bfloat16,32,512x128,1292.724,3,5
q27.gate_up  tp2,5120,17408,32,bfloat16,32,16x128,1308.661,3,5
q27.gate_up  tp2,5120,17408,32,bfloat16,32,prefill_wmma:smallm_off,1544.145,2,5
q27.gate_up  tp2,5120,17408,32,bfloat16,32,512x64,1734.524,2,5
q27.gate_up  tp2,5120,17408,32,bfloat16,32,128x256,1937.423,2,5
q27.gate_up  tp2,5120,17408,32,bfloat16,32,256x256,2154.226,2,5
q27.gate_up  tp2,5120,17408,32,bfloat16,48,128x64,402.237,10,5
q27.gate_up  tp2,5120,17408,32,bfloat16,48,128x32,468.417,8,5
q27.gate_up  tp2,5120,17408,32,bfloat16,48,64x32,483.695,8,5
q27.gate_up  tp2,5120,17408,32,bfloat16,48,64x64,508.919,7,5
q27.gate_up  tp2,5120,17408,32,bfloat16,48,64x128,557.677,7,5
q27.gate_up  tp2,5120,17408,32,bfloat16,48,32x64,558.251,7,5
q27.gate_up  tp2,5120,17408,32,bfloat16,48,256x128,599.974,6,5
q27.gate_up  tp2,5120,17408,32,bfloat16,48,prefill_wmma_ashuffle,612.735,6,5
q27.gate_up  tp2,5120,17408,32,bfloat16,48,256x64,614.362,6,5
q27.gate_up  tp2,5120,17408,32,bfloat16,48,prefill_wmma,616.631,6,5
q27.gate_up  tp2,5120,17408,32,bfloat16,48,32x32,628.329,6,5
q27.gate_up  tp2,5120,17408,32,bfloat16,48,128x128,632.561,6,5
q27.gate_up  tp2,5120,17408,32,bfloat16,48,32x128,678.294,5,5
q27.gate_up  tp2,5120,17408,32,bfloat16,48,192x128,699.771,5,5
q27.gate_up  tp2,5120,17408,32,bfloat16,48,16x64,710.600,5,5
q27.gate_up  tp2,5120,17408,32,bfloat16,48,112x128,724.212,5,5
q27.gate_up  tp2,5120,17408,32,bfloat16,48,96x128,750.500,4,5
q27.gate_up  tp2,5120,17408,32,bfloat16,48,256x32,752.420,5,5
q27.gate_up  tp2,5120,17408,32,bfloat16,48,256x192,928.523,4,5
q27.gate_up  tp2,5120,17408,32,bfloat16,48,80x128,948.975,4,5
q27.gate_up  tp2,5120,17408,32,bfloat16,48,384x128,963.661,4,5
q27.gate_up  tp2,5120,17408,32,bfloat16,48,512x128,1263.892,3,5
q27.gate_up  tp2,5120,17408,32,bfloat16,48,16x128,1283.594,2,5
q27.gate_up  tp2,5120,17408,32,bfloat16,48,prefill_wmma:smallm_off,1624.286,2,5
q27.gate_up  tp2,5120,17408,32,bfloat16,48,512x64,1704.652,2,5
q27.gate_up  tp2,5120,17408,32,bfloat16,48,128x256,1945.331,2,5
q27.gate_up  tp2,5120,17408,32,bfloat16,48,256x256,2215.234,2,5
q27.gate_up  tp2,5120,17408,32,bfloat16,63,128x64,396.711,10,5
q27.gate_up  tp2,5120,17408,32,bfloat16,63,128x32,475.291,8,5
q27.gate_up  tp2,5120,17408,32,bfloat16,63,64x32,507.965,7,5
q27.gate_up  tp2,5120,17408,32,bfloat16,63,64x64,532.967,7,5
q27.gate_up  tp2,5120,17408,32,bfloat16,63,64x128,562.801,6,5
q27.gate_up  tp2,5120,17408,32,bfloat16,63,32x64,578.813,6,5
q27.gate_up  tp2,5120,17408,32,bfloat16,63,256x128,595.704,6,5
q27.gate_up  tp2,5120,17408,32,bfloat16,63,32x32,611.123,6,5
q27.gate_up  tp2,5120,17408,32,bfloat16,63,256x64,620.414,6,5
q27.gate_up  tp2,5120,17408,32,bfloat16,63,128x128,639.331,6,5
q27.gate_up  tp2,5120,17408,32,bfloat16,63,prefill_wmma_ashuffle,649.172,6,5
q27.gate_up  tp2,5120,17408,32,bfloat16,63,prefill_wmma,676.272,5,5
q27.gate_up  tp2,5120,17408,32,bfloat16,63,32x128,696.848,5,5
q27.gate_up  tp2,5120,17408,32,bfloat16,63,192x128,732.711,5,5
q27.gate_up  tp2,5120,17408,32,bfloat16,63,256x32,758.140,5,5
q27.gate_up  tp2,5120,17408,32,bfloat16,63,112x128,904.023,4,5
q27.gate_up  tp2,5120,17408,32,bfloat16,63,96x128,914.781,4,5
q27.gate_up  tp2,5120,17408,32,bfloat16,63,256x192,928.659,4,5
q27.gate_up  tp2,5120,17408,32,bfloat16,63,384x128,965.207,4,5
q27.gate_up  tp2,5120,17408,32,bfloat16,63,80x128,1074.375,3,5
q27.gate_up  tp2,5120,17408,32,bfloat16,63,512x128,1271.418,2,5
q27.gate_up  tp2,5120,17408,32,bfloat16,63,16x128,1334.218,2,5
q27.gate_up  tp2,5120,17408,32,bfloat16,63,16x64,1687.523,2,5
q27.gate_up  tp2,5120,17408,32,bfloat16,63,prefill_wmma:smallm_off,1709.016,2,5
q27.gate_up  tp2,5120,17408,32,bfloat16,63,512x64,1712.832,2,5
q27.gate_up  tp2,5120,17408,32,bfloat16,63,128x256,1973.191,2,5
q27.gate_up  tp2,5120,17408,32,bfloat16,63,256x256,2216.474,2,5
q27.gate_up  tp2,5120,17408,32,bfloat16,64,128x64,399.433,10,5
q27.gate_up  tp2,5120,17408,32,bfloat16,64,128x32,472.750,8,5
q27.gate_up  tp2,5120,17408,32,bfloat16,64,64x32,508.938,7,5
q27.gate_up  tp2,5120,17408,32,bfloat16,64,64x64,531.080,7,5
q27.gate_up  tp2,5120,17408,32,bfloat16,64,64x128,563.829,6,5
q27.gate_up  tp2,5120,17408,32,bfloat16,64,32x64,579.112,6,5
q27.gate_up  tp2,5120,17408,32,bfloat16,64,256x128,598.475,6,5
q27.gate_up  tp2,5120,17408,32,bfloat16,64,32x32,610.276,6,5
q27.gate_up  tp2,5120,17408,32,bfloat16,64,256x64,619.266,6,5
q27.gate_up  tp2,5120,17408,32,bfloat16,64,128x128,640.663,6,5
q27.gate_up  tp2,5120,17408,32,bfloat16,64,prefill_wmma_ashuffle,651.821,6,5
q27.gate_up  tp2,5120,17408,32,bfloat16,64,prefill_wmma,682.187,5,5
q27.gate_up  tp2,5120,17408,32,bfloat16,64,32x128,694.877,5,5
q27.gate_up  tp2,5120,17408,32,bfloat16,64,192x128,730.903,5,5
q27.gate_up  tp2,5120,17408,32,bfloat16,64,256x32,755.860,5,5
q27.gate_up  tp2,5120,17408,32,bfloat16,64,112x128,894.898,4,5
q27.gate_up  tp2,5120,17408,32,bfloat16,64,96x128,917.283,4,5
q27.gate_up  tp2,5120,17408,32,bfloat16,64,256x192,933.251,4,5
q27.gate_up  tp2,5120,17408,32,bfloat16,64,384x128,970.095,4,5
q27.gate_up  tp2,5120,17408,32,bfloat16,64,80x128,1055.081,3,5
q27.gate_up  tp2,5120,17408,32,bfloat16,64,512x128,1307.999,3,5
q27.gate_up  tp2,5120,17408,32,bfloat16,64,16x128,1311.838,2,5
q27.gate_up  tp2,5120,17408,32,bfloat16,64,16x64,1671.947,2,5
q27.gate_up  tp2,5120,17408,32,bfloat16,64,prefill_wmma:smallm_off,1697.391,2,5
q27.gate_up  tp2,5120,17408,32,bfloat16,64,512x64,1712.652,2,5
q27.gate_up  tp2,5120,17408,32,bfloat16,64,128x256,1954.127,2,5
q27.gate_up  tp2,5120,17408,32,bfloat16,64,256x256,2210.918,2,5
q27.gate_up  tp2,5120,17408,32,bfloat16,96,128x64,421.987,9,5
q27.gate_up  tp2,5120,17408,32,bfloat16,96,128x32,516.539,7,5
q27.gate_up  tp2,5120,17408,32,bfloat16,96,64x64,583.153,6,5
q27.gate_up  tp2,5120,17408,32,bfloat16,96,64x32,604.758,6,5
q27.gate_up  tp2,5120,17408,32,bfloat16,96,32x32,633.506,6,5
q27.gate_up  tp2,5120,17408,32,bfloat16,96,256x128,635.450,6,5
q27.gate_up  tp2,5120,17408,32,bfloat16,96,256x64,658.972,6,5
q27.gate_up  tp2,5120,17408,32,bfloat16,96,128x128,666.344,5,5
q27.gate_up  tp2,5120,17408,32,bfloat16,96,prefill_wmma_ashuffle,727.071,5,5
q27.gate_up  tp2,5120,17408,32,bfloat16,96,192x128,745.638,5,5
q27.gate_up  tp2,5120,17408,32,bfloat16,96,32x128,750.028,5,5
q27.gate_up  tp2,5120,17408,32,bfloat16,96,64x128,790.895,4,5
q27.gate_up  tp2,5120,17408,32,bfloat16,96,256x32,817.218,5,5
q27.gate_up  tp2,5120,17408,32,bfloat16,96,80x128,901.194,4,5
q27.gate_up  tp2,5120,17408,32,bfloat16,96,112x128,926.497,4,5
q27.gate_up  tp2,5120,17408,32,bfloat16,96,96x128,944.181,4,5
q27.gate_up  tp2,5120,17408,32,bfloat16,96,384x128,966.797,4,5
q27.gate_up  tp2,5120,17408,32,bfloat16,96,32x64,978.224,4,5
q27.gate_up  tp2,5120,17408,32,bfloat16,96,256x192,991.950,4,5
q27.gate_up  tp2,5120,17408,32,bfloat16,96,prefill_wmma,1002.042,4,5
q27.gate_up  tp2,5120,17408,32,bfloat16,96,512x128,1314.375,3,5
q27.gate_up  tp2,5120,17408,32,bfloat16,96,16x64,1385.287,2,5
q27.gate_up  tp2,5120,17408,32,bfloat16,96,512x64,1719.768,2,5
q27.gate_up  tp2,5120,17408,32,bfloat16,96,prefill_wmma:smallm_off,1974.491,2,5
q27.gate_up  tp2,5120,17408,32,bfloat16,96,128x256,2000.524,2,5
q27.gate_up  tp2,5120,17408,32,bfloat16,96,256x256,2258.251,2,5
q27.gate_up  tp2,5120,17408,32,bfloat16,96,16x128,2402.837,2,5
q27.gate_up  tp2,5120,17408,32,bfloat16,128,128x64,462.483,8,5
q27.gate_up  tp2,5120,17408,32,bfloat16,128,128x32,568.000,7,5
q27.gate_up  tp2,5120,17408,32,bfloat16,128,64x64,585.932,6,5
q27.gate_up  tp2,5120,17408,32,bfloat16,128,64x32,606.338,6,5
q27.gate_up  tp2,5120,17408,32,bfloat16,128,256x128,644.278,6,5
q27.gate_up  tp2,5120,17408,32,bfloat16,128,256x64,663.593,5,5
q27.gate_up  tp2,5120,17408,32,bfloat16,128,128x128,693.910,5,5
q27.gate_up  tp2,5120,17408,32,bfloat16,128,192x128,788.224,5,5
q27.gate_up  tp2,5120,17408,32,bfloat16,128,prefill_wmma_ashuffle,813.911,4,5
q27.gate_up  tp2,5120,17408,32,bfloat16,128,32x32,830.251,4,5
q27.gate_up  tp2,5120,17408,32,bfloat16,128,256x32,830.983,4,5
q27.gate_up  tp2,5120,17408,32,bfloat16,128,32x64,838.220,4,5
q27.gate_up  tp2,5120,17408,32,bfloat16,128,112x128,908.202,4,5
q27.gate_up  tp2,5120,17408,32,bfloat16,128,96x128,911.423,4,5
q27.gate_up  tp2,5120,17408,32,bfloat16,128,80x128,984.762,5,5
q27.gate_up  tp2,5120,17408,32,bfloat16,128,256x192,998.859,3,5
q27.gate_up  tp2,5120,17408,32,bfloat16,128,64x128,1072.679,3,5
q27.gate_up  tp2,5120,17408,32,bfloat16,128,384x128,1246.497,3,5
q27.gate_up  tp2,5120,17408,32,bfloat16,128,512x128,1279.514,2,5
q27.gate_up  tp2,5120,17408,32,bfloat16,128,512x64,1718.664,2,5
q27.gate_up  tp2,5120,17408,32,bfloat16,128,32x128,1748.832,2,5
q27.gate_up  tp2,5120,17408,32,bfloat16,128,16x64,1929.467,2,5
q27.gate_up  tp2,5120,17408,32,bfloat16,128,128x256,1973.695,2,5
q27.gate_up  tp2,5120,17408,32,bfloat16,128,prefill_wmma:smallm_off,2049.076,2,5
q27.gate_up  tp2,5120,17408,32,bfloat16,128,prefill_wmma,2097.309,2,5
q27.gate_up  tp2,5120,17408,32,bfloat16,128,16x128,2213.018,2,5
q27.gate_up  tp2,5120,17408,32,bfloat16,128,256x256,2298.340,2,5
q27.gate_up  tp2,5120,17408,32,bfloat16,192,256x128,691.688,5,5
q27.gate_up  tp2,5120,17408,32,bfloat16,192,256x64,716.660,5,5
q27.gate_up  tp2,5120,17408,32,bfloat16,192,128x64,760.356,5,5
q27.gate_up  tp2,5120,17408,32,bfloat16,192,64x128,823.397,4,5
q27.gate_up  tp2,5120,17408,32,bfloat16,192,128x128,829.211,4,5
q27.gate_up  tp2,5120,17408,32,bfloat16,192,64x64,830.367,4,5
q27.gate_up  tp2,5120,17408,32,bfloat16,192,192x128,842.556,4,5
q27.gate_up  tp2,5120,17408,32,bfloat16,192,64x32,878.118,4,5
q27.gate_up  tp2,5120,17408,32,bfloat16,192,256x32,912.199,4,5
q27.gate_up  tp2,5120,17408,32,bfloat16,192,112x128,915.543,4,5
q27.gate_up  tp2,5120,17408,32,bfloat16,192,128x32,978.759,4,5
q27.gate_up  tp2,5120,17408,32,bfloat16,192,prefill_wmma_ashuffle,1010.950,3,5
q27.gate_up  tp2,5120,17408,32,bfloat16,192,96x128,1034.833,3,5
q27.gate_up  tp2,5120,17408,32,bfloat16,192,32x32,1179.600,3,5
q27.gate_up  tp2,5120,17408,32,bfloat16,192,256x192,1220.355,3,5
q27.gate_up  tp2,5120,17408,32,bfloat16,192,384x128,1253.281,3,5
q27.gate_up  tp2,5120,17408,32,bfloat16,192,32x64,1335.279,2,5
q27.gate_up  tp2,5120,17408,32,bfloat16,192,512x128,1339.719,2,5
q27.gate_up  tp2,5120,17408,32,bfloat16,192,32x128,1411.259,2,5
q27.gate_up  tp2,5120,17408,32,bfloat16,192,80x128,1436.976,2,5
q27.gate_up  tp2,5120,17408,32,bfloat16,192,512x64,1855.290,2,5
q27.gate_up  tp2,5120,17408,32,bfloat16,192,prefill_wmma:smallm_off,2287.888,2,5
q27.gate_up  tp2,5120,17408,32,bfloat16,192,prefill_wmma,2288.740,2,5
q27.gate_up  tp2,5120,17408,32,bfloat16,192,128x256,2339.172,2,5
q27.gate_up  tp2,5120,17408,32,bfloat16,192,256x256,2361.333,2,5
q27.gate_up  tp2,5120,17408,32,bfloat16,192,16x64,2452.226,2,5
q27.gate_up  tp2,5120,17408,32,bfloat16,192,16x128,3414.391,2,5
q27.gate_up  tp2,5120,17408,32,bfloat16,256,256x128,733.218,5,5
q27.gate_up  tp2,5120,17408,32,bfloat16,256,256x64,764.191,5,5
q27.gate_up  tp2,5120,17408,32,bfloat16,256,128x64,768.585,5,5
q27.gate_up  tp2,5120,17408,32,bfloat16,256,128x128,859.858,4,5
q27.gate_up  tp2,5120,17408,32,bfloat16,256,256x32,992.802,4,5
q27.gate_up  tp2,5120,17408,32,bfloat16,256,128x32,995.987,3,5
q27.gate_up  tp2,5120,17408,32,bfloat16,256,64x64,1051.844,3,5
q27.gate_up  tp2,5120,17408,32,bfloat16,256,64x32,1127.370,3,5
q27.gate_up  tp2,5120,17408,32,bfloat16,256,prefill_wmma_ashuffle,1250.185,2,5
q27.gate_up  tp2,5120,17408,32,bfloat16,256,256x192,1363.264,3,5
q27.gate_up  tp2,5120,17408,32,bfloat16,256,512x128,1391.095,2,5
q27.gate_up  tp2,5120,17408,32,bfloat16,256,384x128,1402.351,2,5
q27.gate_up  tp2,5120,17408,32,bfloat16,256,32x32,1483.129,2,5
q27.gate_up  tp2,5120,17408,32,bfloat16,256,64x128,1519.477,2,5
q27.gate_up  tp2,5120,17408,32,bfloat16,256,96x128,1521.421,2,5
q27.gate_up  tp2,5120,17408,32,bfloat16,256,112x128,1539.977,2,5
q27.gate_up  tp2,5120,17408,32,bfloat16,256,192x128,1581.798,2,5
q27.gate_up  tp2,5120,17408,32,bfloat16,256,32x64,1634.295,2,5
q27.gate_up  tp2,5120,17408,32,bfloat16,256,512x64,1983.936,2,5
q27.gate_up  tp2,5120,17408,32,bfloat16,256,80x128,2221.291,2,5
q27.gate_up  tp2,5120,17408,32,bfloat16,256,32x128,2230.099,2,5
q27.gate_up  tp2,5120,17408,32,bfloat16,256,256x256,2467.246,2,5
q27.gate_up  tp2,5120,17408,32,bfloat16,256,prefill_wmma:smallm_off,2607.628,2,5
q27.gate_up  tp2,5120,17408,32,bfloat16,256,prefill_wmma,2626.880,2,5
q27.gate_up  tp2,5120,17408,32,bfloat16,256,128x256,2706.097,2,5
q27.gate_up  tp2,5120,17408,32,bfloat16,256,16x64,4054.592,2,5
q27.gate_up  tp2,5120,17408,32,bfloat16,256,16x128,6033.759,2,5
q27.gate_up  tp2,5120,17408,32,bfloat16,512,256x128,1457.852,2,5
q27.gate_up  tp2,5120,17408,32,bfloat16,512,256x64,1655.863,2,5
q27.gate_up  tp2,5120,17408,32,bfloat16,512,128x64,1695.783,2,5
q27.gate_up  tp2,5120,17408,32,bfloat16,512,128x32,1959.975,2,5
q27.gate_up  tp2,5120,17408,32,bfloat16,512,256x32,1999.328,2,5
q27.gate_up  tp2,5120,17408,32,bfloat16,512,prefill_wmma_ashuffle,2020.456,2,5
q27.gate_up  tp2,5120,17408,32,bfloat16,512,128x128,2078.093,2,5
q27.gate_up  tp2,5120,17408,32,bfloat16,512,64x32,2106.749,2,5
q27.gate_up  tp2,5120,17408,32,bfloat16,512,64x64,2108.081,2,5
q27.gate_up  tp2,5120,17408,32,bfloat16,512,192x128,2148.562,2,5
q27.gate_up  tp2,5120,17408,32,bfloat16,512,512x64,2227.247,2,5
q27.gate_up  tp2,5120,17408,32,bfloat16,512,384x128,2253.167,2,5
q27.gate_up  tp2,5120,17408,32,bfloat16,512,96x128,2468.778,2,5
q27.gate_up  tp2,5120,17408,32,bfloat16,512,512x128,2782.170,2,5
q27.gate_up  tp2,5120,17408,32,bfloat16,512,32x32,2852.287,2,5
q27.gate_up  tp2,5120,17408,32,bfloat16,512,112x128,2947.253,2,5
q27.gate_up  tp2,5120,17408,32,bfloat16,512,32x64,2994.921,2,5
q27.gate_up  tp2,5120,17408,32,bfloat16,512,64x128,3173.612,2,5
q27.gate_up  tp2,5120,17408,32,bfloat16,512,80x128,3438.067,2,5
q27.gate_up  tp2,5120,17408,32,bfloat16,512,256x256,3572.473,2,5
q27.gate_up  tp2,5120,17408,32,bfloat16,512,256x192,3866.645,2,5
q27.gate_up  tp2,5120,17408,32,bfloat16,512,128x256,4237.750,2,5
q27.gate_up  tp2,5120,17408,32,bfloat16,512,prefill_wmma,4694.593,2,5
q27.gate_up  tp2,5120,17408,32,bfloat16,512,prefill_wmma:smallm_off,4695.881,2,5
q27.gate_up  tp2,5120,17408,32,bfloat16,512,32x128,4957.740,2,5
q27.gate_up  tp2,5120,17408,32,bfloat16,512,16x64,6514.442,2,5
q27.gate_up  tp2,5120,17408,32,bfloat16,512,16x128,11929.964,2,5
q27.gate_up  tp2,5120,17408,32,bfloat16,1024,256x128,2520.263,2,5
q27.gate_up  tp2,5120,17408,32,bfloat16,1024,128x64,3056.870,2,5
q27.gate_up  tp2,5120,17408,32,bfloat16,1024,256x64,3060.670,2,5
q27.gate_up  tp2,5120,17408,32,bfloat16,1024,128x128,3139.587,2,5
q27.gate_up  tp2,5120,17408,32,bfloat16,1024,384x128,3166.732,2,5
q27.gate_up  tp2,5120,17408,32,bfloat16,1024,512x128,3423.931,2,5
q27.gate_up  tp2,5120,17408,32,bfloat16,1024,prefill_wmma_ashuffle,3773.212,2,5
q27.gate_up  tp2,5120,17408,32,bfloat16,1024,192x128,3876.797,2,5
q27.gate_up  tp2,5120,17408,32,bfloat16,1024,256x32,3877.882,2,5
q27.gate_up  tp2,5120,17408,32,bfloat16,1024,128x32,3893.790,2,5
q27.gate_up  tp2,5120,17408,32,bfloat16,1024,512x64,3923.146,2,5
q27.gate_up  tp2,5120,17408,32,bfloat16,1024,64x64,3945.766,2,5
q27.gate_up  tp2,5120,17408,32,bfloat16,1024,112x128,4092.925,2,5
q27.gate_up  tp2,5120,17408,32,bfloat16,1024,64x32,4268.755,2,5
q27.gate_up  tp2,5120,17408,32,bfloat16,1024,64x128,4802.226,2,5
q27.gate_up  tp2,5120,17408,32,bfloat16,1024,96x128,4902.396,2,5
q27.gate_up  tp2,5120,17408,32,bfloat16,1024,32x64,5506.152,2,5
q27.gate_up  tp2,5120,17408,32,bfloat16,1024,32x32,5891.537,2,5
q27.gate_up  tp2,5120,17408,32,bfloat16,1024,256x256,6044.744,2,5
q27.gate_up  tp2,5120,17408,32,bfloat16,1024,128x256,6758.218,2,5
q27.gate_up  tp2,5120,17408,32,bfloat16,1024,80x128,7695.367,2,5
q27.gate_up  tp2,5120,17408,32,bfloat16,1024,prefill_wmma,9022.124,2,5
q27.gate_up  tp2,5120,17408,32,bfloat16,1024,prefill_wmma:smallm_off,9138.854,2,5
q27.gate_up  tp2,5120,17408,32,bfloat16,1024,32x128,9241.304,2,5
q27.gate_up  tp2,5120,17408,32,bfloat16,1024,256x192,9871.849,2,5
q27.gate_up  tp2,5120,17408,32,bfloat16,1024,16x64,11587.168,2,5
q27.gate_up  tp2,5120,17408,32,bfloat16,1024,16x128,23462.968,2,5
q27.gate_up  tp2,5120,17408,32,bfloat16,2048,256x128,4804.490,2,5
q27.gate_up  tp2,5120,17408,32,bfloat16,2048,512x128,4973.829,2,5
q27.gate_up  tp2,5120,17408,32,bfloat16,2048,256x64,5801.556,2,5
q27.gate_up  tp2,5120,17408,32,bfloat16,2048,128x128,5847.417,2,5
q27.gate_up  tp2,5120,17408,32,bfloat16,2048,128x64,5945.918,2,5
q27.gate_up  tp2,5120,17408,32,bfloat16,2048,384x128,6179.306,2,5
q27.gate_up  tp2,5120,17408,32,bfloat16,2048,192x128,6881.083,2,5
q27.gate_up  tp2,5120,17408,32,bfloat16,2048,prefill_wmma_ashuffle,7401.859,2,5
q27.gate_up  tp2,5120,17408,32,bfloat16,2048,512x64,7594.405,2,5
q27.gate_up  tp2,5120,17408,32,bfloat16,2048,64x64,7722.646,2,5
q27.gate_up  tp2,5120,17408,32,bfloat16,2048,112x128,7769.071,2,5
q27.gate_up  tp2,5120,17408,32,bfloat16,2048,256x32,7772.528,2,5
q27.gate_up  tp2,5120,17408,32,bfloat16,2048,96x128,7965.106,2,5
q27.gate_up  tp2,5120,17408,32,bfloat16,2048,128x32,8208.253,2,5
q27.gate_up  tp2,5120,17408,32,bfloat16,2048,64x128,8470.557,2,5
q27.gate_up  tp2,5120,17408,32,bfloat16,2048,64x32,8885.823,2,5
q27.gate_up  tp2,5120,17408,32,bfloat16,2048,80x128,10175.149,2,5
q27.gate_up  tp2,5120,17408,32,bfloat16,2048,32x64,10802.737,2,5
q27.gate_up  tp2,5120,17408,32,bfloat16,2048,256x256,11850.484,2,5
q27.gate_up  tp2,5120,17408,32,bfloat16,2048,32x32,12058.878,2,5
q27.gate_up  tp2,5120,17408,32,bfloat16,2048,128x256,13125.914,2,5
q27.gate_up  tp2,5120,17408,32,bfloat16,2048,32x128,14759.473,2,5
q27.gate_up  tp2,5120,17408,32,bfloat16,2048,256x192,14985.287,2,5
q27.gate_up  tp2,5120,17408,32,bfloat16,2048,prefill_wmma:smallm_off,17670.764,2,5
q27.gate_up  tp2,5120,17408,32,bfloat16,2048,prefill_wmma,17683.540,2,5
q27.gate_up  tp2,5120,17408,32,bfloat16,2048,16x64,21910.771,2,5
q27.gate_up  tp2,5120,17408,32,bfloat16,2048,16x128,43893.036,2,5
q27.gate_up  tp1,5120,34816,32,bfloat16,1,128x64,634.134,10,3
q27.gate_up  tp1,5120,34816,32,bfloat16,1,64x32,691.218,9,3
q27.gate_up  tp1,5120,34816,32,bfloat16,1,prefill_wmma,720.161,9,3
q27.gate_up  tp1,5120,34816,32,bfloat16,1,128x32,754.861,9,3
q27.gate_up  tp1,5120,34816,32,bfloat16,1,prefill_wmma_ashuffle,908.609,7,3
q27.gate_up  tp1,5120,34816,32,bfloat16,1,256x128,979.154,6,3
q27.gate_up  tp1,5120,34816,32,bfloat16,1,128x128,995.472,6,3
q27.gate_up  tp1,5120,34816,32,bfloat16,1,112x128,1211.046,6,3
q27.gate_up  tp1,5120,34816,32,bfloat16,1,256x64,1298.125,5,3
q27.gate_up  tp1,5120,34816,32,bfloat16,1,96x128,1328.557,5,3
q27.gate_up  tp1,5120,34816,32,bfloat16,1,192x128,1346.741,5,3
q27.gate_up  tp1,5120,34816,32,bfloat16,1,64x64,1413.333,4,3
q27.gate_up  tp1,5120,34816,32,bfloat16,1,256x32,1493.361,4,3
q27.gate_up  tp1,5120,34816,32,bfloat16,1,80x128,1547.765,4,3
q27.gate_up  tp1,5120,34816,32,bfloat16,1,32x32,1603.942,4,3
q27.gate_up  tp1,5120,34816,32,bfloat16,1,16x64,1628.263,4,3
q27.gate_up  tp1,5120,34816,32,bfloat16,1,16x128,1672.939,3,3
q27.gate_up  tp1,5120,34816,32,bfloat16,1,32x128,1674.517,3,3
q27.gate_up  tp1,5120,34816,32,bfloat16,1,32x64,1679.557,3,3
q27.gate_up  tp1,5120,34816,32,bfloat16,1,384x128,1875.399,3,3
q27.gate_up  tp1,5120,34816,32,bfloat16,1,256x192,1971.374,3,3
q27.gate_up  tp1,5120,34816,32,bfloat16,1,64x128,1979.632,3,3
q27.gate_up  tp1,5120,34816,32,bfloat16,1,512x128,2125.327,3,3
q27.gate_up  tp1,5120,34816,32,bfloat16,1,128x256,2644.883,2,3
q27.gate_up  tp1,5120,34816,32,bfloat16,1,prefill_wmma:smallm_off,2935.721,2,3
q27.gate_up  tp1,5120,34816,32,bfloat16,1,256x256,3111.923,2,3
q27.gate_up  tp1,5120,34816,32,bfloat16,1,512x64,5856.448,2,3
q27.gate_up  tp1,5120,34816,32,bfloat16,8,128x64,647.548,10,3
q27.gate_up  tp1,5120,34816,32,bfloat16,8,64x32,710.871,9,3
q27.gate_up  tp1,5120,34816,32,bfloat16,8,prefill_wmma,739.355,9,3
q27.gate_up  tp1,5120,34816,32,bfloat16,8,128x32,788.969,8,3
q27.gate_up  tp1,5120,34816,32,bfloat16,8,prefill_wmma_ashuffle,914.771,7,3
q27.gate_up  tp1,5120,34816,32,bfloat16,8,128x128,988.145,6,3
q27.gate_up  tp1,5120,34816,32,bfloat16,8,256x128,1010.554,6,3
q27.gate_up  tp1,5120,34816,32,bfloat16,8,112x128,1228.636,5,3
q27.gate_up  tp1,5120,34816,32,bfloat16,8,96x128,1293.589,5,3
q27.gate_up  tp1,5120,34816,32,bfloat16,8,256x64,1307.746,5,3
q27.gate_up  tp1,5120,34816,32,bfloat16,8,192x128,1335.096,5,3
q27.gate_up  tp1,5120,34816,32,bfloat16,8,64x64,1420.483,4,3
q27.gate_up  tp1,5120,34816,32,bfloat16,8,256x32,1517.208,4,3
q27.gate_up  tp1,5120,34816,32,bfloat16,8,80x128,1524.961,4,3
q27.gate_up  tp1,5120,34816,32,bfloat16,8,16x64,1674.228,3,3
q27.gate_up  tp1,5120,34816,32,bfloat16,8,32x128,1674.699,3,3
q27.gate_up  tp1,5120,34816,32,bfloat16,8,32x64,1677.272,3,3
q27.gate_up  tp1,5120,34816,32,bfloat16,8,16x128,1686.259,3,3
q27.gate_up  tp1,5120,34816,32,bfloat16,8,32x32,1739.793,3,3
q27.gate_up  tp1,5120,34816,32,bfloat16,8,384x128,1846.954,3,3
q27.gate_up  tp1,5120,34816,32,bfloat16,8,256x192,1965.880,3,3
q27.gate_up  tp1,5120,34816,32,bfloat16,8,64x128,2024.539,3,3
q27.gate_up  tp1,5120,34816,32,bfloat16,8,512x128,2096.758,3,3
q27.gate_up  tp1,5120,34816,32,bfloat16,8,128x256,2654.423,2,3
q27.gate_up  tp1,5120,34816,32,bfloat16,8,prefill_wmma:smallm_off,2721.844,2,3
q27.gate_up  tp1,5120,34816,32,bfloat16,8,256x256,3112.077,2,3
q27.gate_up  tp1,5120,34816,32,bfloat16,8,512x64,5061.157,2,3
q27.gate_up  tp1,5120,34816,32,bfloat16,17,128x64,650.914,10,3
q27.gate_up  tp1,5120,34816,32,bfloat16,17,64x32,771.044,8,3
q27.gate_up  tp1,5120,34816,32,bfloat16,17,128x32,778.032,8,3
q27.gate_up  tp1,5120,34816,32,bfloat16,17,prefill_wmma,811.365,8,3
q27.gate_up  tp1,5120,34816,32,bfloat16,17,prefill_wmma_ashuffle,953.428,7,3
q27.gate_up  tp1,5120,34816,32,bfloat16,17,128x128,985.180,6,3
q27.gate_up  tp1,5120,34816,32,bfloat16,17,256x128,1001.229,6,3
q27.gate_up  tp1,5120,34816,32,bfloat16,17,112x128,1040.741,6,3
q27.gate_up  tp1,5120,34816,32,bfloat16,17,256x64,1260.311,5,3
q27.gate_up  tp1,5120,34816,32,bfloat16,17,96x128,1297.957,5,3
q27.gate_up  tp1,5120,34816,32,bfloat16,17,192x128,1317.848,5,3
q27.gate_up  tp1,5120,34816,32,bfloat16,17,64x64,1447.533,4,3
q27.gate_up  tp1,5120,34816,32,bfloat16,17,80x128,1523.351,4,3
q27.gate_up  tp1,5120,34816,32,bfloat16,17,256x32,1542.835,4,3
q27.gate_up  tp1,5120,34816,32,bfloat16,17,32x128,1670.028,3,3
q27.gate_up  tp1,5120,34816,32,bfloat16,17,32x64,1675.037,3,3
q27.gate_up  tp1,5120,34816,32,bfloat16,17,16x128,1678.210,3,3
q27.gate_up  tp1,5120,34816,32,bfloat16,17,32x32,1739.113,3,3
q27.gate_up  tp1,5120,34816,32,bfloat16,17,384x128,1848.799,3,3
q27.gate_up  tp1,5120,34816,32,bfloat16,17,64x128,1924.644,3,3
q27.gate_up  tp1,5120,34816,32,bfloat16,17,256x192,1978.116,3,3
q27.gate_up  tp1,5120,34816,32,bfloat16,17,512x128,2091.429,3,3
q27.gate_up  tp1,5120,34816,32,bfloat16,17,16x64,2281.918,2,3
q27.gate_up  tp1,5120,34816,32,bfloat16,17,128x256,2624.743,2,3
q27.gate_up  tp1,5120,34816,32,bfloat16,17,prefill_wmma:smallm_off,2632.063,2,3
q27.gate_up  tp1,5120,34816,32,bfloat16,17,256x256,3125.303,2,3
q27.gate_up  tp1,5120,34816,32,bfloat16,17,512x64,3733.618,2,3
q27.gate_up  tp1,5120,34816,32,bfloat16,24,128x64,642.070,10,3
q27.gate_up  tp1,5120,34816,32,bfloat16,24,64x32,788.244,8,3
q27.gate_up  tp1,5120,34816,32,bfloat16,24,128x32,792.814,8,3
q27.gate_up  tp1,5120,34816,32,bfloat16,24,prefill_wmma,824.188,8,3
q27.gate_up  tp1,5120,34816,32,bfloat16,24,prefill_wmma_ashuffle,979.385,6,3
q27.gate_up  tp1,5120,34816,32,bfloat16,24,128x128,980.249,6,3
q27.gate_up  tp1,5120,34816,32,bfloat16,24,256x128,1021.723,6,3
q27.gate_up  tp1,5120,34816,32,bfloat16,24,112x128,1119.718,6,3
q27.gate_up  tp1,5120,34816,32,bfloat16,24,96x128,1298.714,5,3
q27.gate_up  tp1,5120,34816,32,bfloat16,24,256x64,1307.679,5,3
q27.gate_up  tp1,5120,34816,32,bfloat16,24,192x128,1321.461,5,3
q27.gate_up  tp1,5120,34816,32,bfloat16,24,64x64,1449.583,4,3
q27.gate_up  tp1,5120,34816,32,bfloat16,24,80x128,1499.557,5,3
q27.gate_up  tp1,5120,34816,32,bfloat16,24,256x32,1561.508,4,3
q27.gate_up  tp1,5120,34816,32,bfloat16,24,32x32,1658.245,3,3
q27.gate_up  tp1,5120,34816,32,bfloat16,24,32x128,1668.628,3,3
q27.gate_up  tp1,5120,34816,32,bfloat16,24,16x128,1685.886,3,3
q27.gate_up  tp1,5120,34816,32,bfloat16,24,32x64,1686.837,3,3
q27.gate_up  tp1,5120,34816,32,bfloat16,24,384x128,1851.519,3,3
q27.gate_up  tp1,5120,34816,32,bfloat16,24,256x192,1993.032,3,3
q27.gate_up  tp1,5120,34816,32,bfloat16,24,64x128,2022.757,3,3
q27.gate_up  tp1,5120,34816,32,bfloat16,24,512x128,2091.718,3,3
q27.gate_up  tp1,5120,34816,32,bfloat16,24,16x64,2331.119,2,3
q27.gate_up  tp1,5120,34816,32,bfloat16,24,128x256,2636.783,2,3
q27.gate_up  tp1,5120,34816,32,bfloat16,24,prefill_wmma:smallm_off,2698.764,2,3
q27.gate_up  tp1,5120,34816,32,bfloat16,24,256x256,3132.783,2,3
q27.gate_up  tp1,5120,34816,32,bfloat16,24,512x64,3429.154,2,3
q27.gate_up  tp1,5120,34816,32,bfloat16,32,128x64,643.396,10,3
q27.gate_up  tp1,5120,34816,32,bfloat16,32,128x32,783.601,8,3
q27.gate_up  tp1,5120,34816,32,bfloat16,32,64x32,793.739,8,3
q27.gate_up  tp1,5120,34816,32,bfloat16,32,prefill_wmma,863.660,7,3
q27.gate_up  tp1,5120,34816,32,bfloat16,32,128x128,983.091,6,3
q27.gate_up  tp1,5120,34816,32,bfloat16,32,prefill_wmma_ashuffle,985.443,6,3
q27.gate_up  tp1,5120,34816,32,bfloat16,32,256x128,1007.581,6,3
q27.gate_up  tp1,5120,34816,32,bfloat16,32,112x128,1175.438,5,3
q27.gate_up  tp1,5120,34816,32,bfloat16,32,256x64,1314.687,5,3
q27.gate_up  tp1,5120,34816,32,bfloat16,32,96x128,1314.882,5,3
q27.gate_up  tp1,5120,34816,32,bfloat16,32,192x128,1326.618,5,3
q27.gate_up  tp1,5120,34816,32,bfloat16,32,64x64,1409.403,4,3
q27.gate_up  tp1,5120,34816,32,bfloat16,32,80x128,1482.927,4,3
q27.gate_up  tp1,5120,34816,32,bfloat16,32,256x32,1534.251,4,3
q27.gate_up  tp1,5120,34816,32,bfloat16,32,32x32,1632.039,4,3
q27.gate_up  tp1,5120,34816,32,bfloat16,32,32x128,1684.352,3,3
q27.gate_up  tp1,5120,34816,32,bfloat16,32,16x128,1694.037,3,3
q27.gate_up  tp1,5120,34816,32,bfloat16,32,32x64,1696.090,3,3
q27.gate_up  tp1,5120,34816,32,bfloat16,32,384x128,1866.448,3,3
q27.gate_up  tp1,5120,34816,32,bfloat16,32,256x192,2002.508,3,3
q27.gate_up  tp1,5120,34816,32,bfloat16,32,64x128,2026.535,3,3
q27.gate_up  tp1,5120,34816,32,bfloat16,32,512x128,2119.576,3,3
q27.gate_up  tp1,5120,34816,32,bfloat16,32,16x64,2318.505,2,3
q27.gate_up  tp1,5120,34816,32,bfloat16,32,128x256,2625.990,2,3
q27.gate_up  tp1,5120,34816,32,bfloat16,32,prefill_wmma:smallm_off,2747.211,2,3
q27.gate_up  tp1,5120,34816,32,bfloat16,32,256x256,3148.044,2,3
q27.gate_up  tp1,5120,34816,32,bfloat16,32,512x64,3211.871,2,3
q27.gate_up  tp1,5120,34816,32,bfloat16,48,128x64,684.427,9,3
q27.gate_up  tp1,5120,34816,32,bfloat16,48,128x32,841.002,8,3
q27.gate_up  tp1,5120,34816,32,bfloat16,48,64x32,845.605,8,3
q27.gate_up  tp1,5120,34816,32,bfloat16,48,prefill_wmma,1000.296,7,3
q27.gate_up  tp1,5120,34816,32,bfloat16,48,128x128,1008.336,6,3
q27.gate_up  tp1,5120,34816,32,bfloat16,48,256x128,1014.394,6,3
q27.gate_up  tp1,5120,34816,32,bfloat16,48,prefill_wmma_ashuffle,1134.592,5,3
q27.gate_up  tp1,5120,34816,32,bfloat16,48,112x128,1219.457,5,3
q27.gate_up  tp1,5120,34816,32,bfloat16,48,32x32,1300.488,4,3
q27.gate_up  tp1,5120,34816,32,bfloat16,48,256x64,1314.746,5,3
q27.gate_up  tp1,5120,34816,32,bfloat16,48,192x128,1337.259,5,3
q27.gate_up  tp1,5120,34816,32,bfloat16,48,96x128,1343.949,4,3
q27.gate_up  tp1,5120,34816,32,bfloat16,48,64x64,1429.413,4,3
q27.gate_up  tp1,5120,34816,32,bfloat16,48,80x128,1545.761,4,3
q27.gate_up  tp1,5120,34816,32,bfloat16,48,256x32,1570.232,4,3
q27.gate_up  tp1,5120,34816,32,bfloat16,48,32x64,1617.422,4,3
q27.gate_up  tp1,5120,34816,32,bfloat16,48,16x64,1655.307,3,3
q27.gate_up  tp1,5120,34816,32,bfloat16,48,384x128,1857.626,3,3
q27.gate_up  tp1,5120,34816,32,bfloat16,48,256x192,2020.135,3,3
q27.gate_up  tp1,5120,34816,32,bfloat16,48,64x128,2033.495,3,3
q27.gate_up  tp1,5120,34816,32,bfloat16,48,512x128,2086.202,3,3
q27.gate_up  tp1,5120,34816,32,bfloat16,48,32x128,2297.198,2,3
q27.gate_up  tp1,5120,34816,32,bfloat16,48,16x128,2319.425,2,3
q27.gate_up  tp1,5120,34816,32,bfloat16,48,128x256,2586.262,2,3
q27.gate_up  tp1,5120,34816,32,bfloat16,48,prefill_wmma:smallm_off,2875.967,2,3
q27.gate_up  tp1,5120,34816,32,bfloat16,48,512x64,3090.476,2,3
q27.gate_up  tp1,5120,34816,32,bfloat16,48,256x256,3190.417,2,3
q27.gate_up  tp1,5120,34816,32,bfloat16,63,128x64,694.112,9,3
q27.gate_up  tp1,5120,34816,32,bfloat16,63,128x32,861.838,8,3
q27.gate_up  tp1,5120,34816,32,bfloat16,63,64x32,880.517,7,3
q27.gate_up  tp1,5120,34816,32,bfloat16,63,128x128,1013.105,6,3
q27.gate_up  tp1,5120,34816,32,bfloat16,63,256x128,1018.861,6,3
q27.gate_up  tp1,5120,34816,32,bfloat16,63,32x32,1034.003,6,3
q27.gate_up  tp1,5120,34816,32,bfloat16,63,prefill_wmma,1179.216,5,3
q27.gate_up  tp1,5120,34816,32,bfloat16,63,prefill_wmma_ashuffle,1194.614,5,3
q27.gate_up  tp1,5120,34816,32,bfloat16,63,256x64,1321.909,5,3
q27.gate_up  tp1,5120,34816,32,bfloat16,63,112x128,1325.960,5,3
q27.gate_up  tp1,5120,34816,32,bfloat16,63,192x128,1393.466,4,3
q27.gate_up  tp1,5120,34816,32,bfloat16,63,64x64,1481.647,4,3
q27.gate_up  tp1,5120,34816,32,bfloat16,63,96x128,1524.224,4,3
q27.gate_up  tp1,5120,34816,32,bfloat16,63,256x32,1582.215,4,3
q27.gate_up  tp1,5120,34816,32,bfloat16,63,32x64,1594.452,4,3
q27.gate_up  tp1,5120,34816,32,bfloat16,63,80x128,1690.495,3,3
q27.gate_up  tp1,5120,34816,32,bfloat16,63,384x128,1877.991,3,3
q27.gate_up  tp1,5120,34816,32,bfloat16,63,64x128,2007.890,3,3
q27.gate_up  tp1,5120,34816,32,bfloat16,63,256x192,2036.757,3,3
q27.gate_up  tp1,5120,34816,32,bfloat16,63,16x64,2126.287,3,3
q27.gate_up  tp1,5120,34816,32,bfloat16,63,512x128,2138.577,3,3
q27.gate_up  tp1,5120,34816,32,bfloat16,63,32x128,2373.353,2,3
q27.gate_up  tp1,5120,34816,32,bfloat16,63,16x128,2412.353,2,3
q27.gate_up  tp1,5120,34816,32,bfloat16,63,128x256,2728.598,2,3
q27.gate_up  tp1,5120,34816,32,bfloat16,63,prefill_wmma:smallm_off,2865.093,2,3
q27.gate_up  tp1,5120,34816,32,bfloat16,63,512x64,3065.349,2,3
q27.gate_up  tp1,5120,34816,32,bfloat16,63,256x256,3230.285,2,3
q27.gate_up  tp1,5120,34816,32,bfloat16,64,128x64,696.718,9,3
q27.gate_up  tp1,5120,34816,32,bfloat16,64,128x32,861.862,8,3
q27.gate_up  tp1,5120,34816,32,bfloat16,64,64x32,877.277,7,3
q27.gate_up  tp1,5120,34816,32,bfloat16,64,128x128,1028.825,6,3
q27.gate_up  tp1,5120,34816,32,bfloat16,64,32x32,1031.663,6,3
q27.gate_up  tp1,5120,34816,32,bfloat16,64,256x128,1036.328,6,3
q27.gate_up  tp1,5120,34816,32,bfloat16,64,prefill_wmma,1186.665,5,3
q27.gate_up  tp1,5120,34816,32,bfloat16,64,prefill_wmma_ashuffle,1192.425,5,3
q27.gate_up  tp1,5120,34816,32,bfloat16,64,112x128,1298.893,5,3
q27.gate_up  tp1,5120,34816,32,bfloat16,64,256x64,1313.866,5,3
q27.gate_up  tp1,5120,34816,32,bfloat16,64,192x128,1397.126,4,3
q27.gate_up  tp1,5120,34816,32,bfloat16,64,80x128,1433.575,3,3
q27.gate_up  tp1,5120,34816,32,bfloat16,64,64x64,1470.984,4,3
q27.gate_up  tp1,5120,34816,32,bfloat16,64,96x128,1499.441,4,3
q27.gate_up  tp1,5120,34816,32,bfloat16,64,256x32,1578.932,4,3
q27.gate_up  tp1,5120,34816,32,bfloat16,64,32x64,1600.959,4,3
q27.gate_up  tp1,5120,34816,32,bfloat16,64,384x128,1877.910,3,3
q27.gate_up  tp1,5120,34816,32,bfloat16,64,256x192,2038.291,3,3
q27.gate_up  tp1,5120,34816,32,bfloat16,64,64x128,2051.740,3,3
q27.gate_up  tp1,5120,34816,32,bfloat16,64,512x128,2134.705,3,3
q27.gate_up  tp1,5120,34816,32,bfloat16,64,16x64,2210.624,2,3
q27.gate_up  tp1,5120,34816,32,bfloat16,64,32x128,2349.373,2,3
q27.gate_up  tp1,5120,34816,32,bfloat16,64,16x128,2435.480,2,3
q27.gate_up  tp1,5120,34816,32,bfloat16,64,128x256,2750.525,2,3
q27.gate_up  tp1,5120,34816,32,bfloat16,64,prefill_wmma:smallm_off,2907.367,2,3
q27.gate_up  tp1,5120,34816,32,bfloat16,64,512x64,3063.109,2,3
q27.gate_up  tp1,5120,34816,32,bfloat16,64,256x256,3184.737,2,3
q27.gate_up  tp1,5120,34816,32,bfloat16,96,128x64,759.189,8,3
q27.gate_up  tp1,5120,34816,32,bfloat16,96,128x32,944.566,7,3
q27.gate_up  tp1,5120,34816,32,bfloat16,96,64x64,1125.077,5,3
q27.gate_up  tp1,5120,34816,32,bfloat16,96,64x32,1144.476,6,3
q27.gate_up  tp1,5120,34816,32,bfloat16,96,32x32,1181.931,5,3
q27.gate_up  tp1,5120,34816,32,bfloat16,96,128x128,1263.740,5,3
q27.gate_up  tp1,5120,34816,32,bfloat16,96,256x128,1270.492,5,3
q27.gate_up  tp1,5120,34816,32,bfloat16,96,prefill_wmma_ashuffle,1333.432,4,3
q27.gate_up  tp1,5120,34816,32,bfloat16,96,112x128,1343.079,4,3
q27.gate_up  tp1,5120,34816,32,bfloat16,96,64x128,1375.999,4,3
q27.gate_up  tp1,5120,34816,32,bfloat16,96,256x64,1380.442,4,3
q27.gate_up  tp1,5120,34816,32,bfloat16,96,192x128,1392.803,4,3
q27.gate_up  tp1,5120,34816,32,bfloat16,96,96x128,1527.191,4,3
q27.gate_up  tp1,5120,34816,32,bfloat16,96,32x64,1563.935,4,3
q27.gate_up  tp1,5120,34816,32,bfloat16,96,80x128,1635.719,4,3
q27.gate_up  tp1,5120,34816,32,bfloat16,96,256x32,1657.333,4,3
q27.gate_up  tp1,5120,34816,32,bfloat16,96,32x128,1705.695,3,3
q27.gate_up  tp1,5120,34816,32,bfloat16,96,384x128,1855.875,3,3
q27.gate_up  tp1,5120,34816,32,bfloat16,96,prefill_wmma,1939.111,3,3
q27.gate_up  tp1,5120,34816,32,bfloat16,96,512x128,2150.145,3,3
q27.gate_up  tp1,5120,34816,32,bfloat16,96,256x192,2153.594,3,3
q27.gate_up  tp1,5120,34816,32,bfloat16,96,16x64,2502.855,2,3
q27.gate_up  tp1,5120,34816,32,bfloat16,96,128x256,2708.184,2,3
q27.gate_up  tp1,5120,34816,32,bfloat16,96,512x64,3151.251,2,3
q27.gate_up  tp1,5120,34816,32,bfloat16,96,prefill_wmma:smallm_off,3266.752,2,3
q27.gate_up  tp1,5120,34816,32,bfloat16,96,16x128,3355.673,2,3
q27.gate_up  tp1,5120,34816,32,bfloat16,96,256x256,3390.854,2,3
q27.gate_up  tp1,5120,34816,32,bfloat16,128,128x64,820.698,8,3
q27.gate_up  tp1,5120,34816,32,bfloat16,128,128x32,1017.523,6,3
q27.gate_up  tp1,5120,34816,32,bfloat16,128,64x64,1092.183,5,3
q27.gate_up  tp1,5120,34816,32,bfloat16,128,64x32,1104.771,6,3
q27.gate_up  tp1,5120,34816,32,bfloat16,128,256x128,1276.311,5,3
q27.gate_up  tp1,5120,34816,32,bfloat16,128,128x128,1301.442,5,3
q27.gate_up  tp1,5120,34816,32,bfloat16,128,256x64,1400.656,4,3
q27.gate_up  tp1,5120,34816,32,bfloat16,128,prefill_wmma_ashuffle,1438.180,4,3
q27.gate_up  tp1,5120,34816,32,bfloat16,128,32x32,1509.334,4,3
q27.gate_up  tp1,5120,34816,32,bfloat16,128,192x128,1512.264,4,3
q27.gate_up  tp1,5120,34816,32,bfloat16,128,64x128,1546.178,4,3
q27.gate_up  tp1,5120,34816,32,bfloat16,128,32x64,1620.516,4,3
q27.gate_up  tp1,5120,34816,32,bfloat16,128,80x128,1659.218,3,3
q27.gate_up  tp1,5120,34816,32,bfloat16,128,256x32,1694.210,3,3
q27.gate_up  tp1,5120,34816,32,bfloat16,128,96x128,1711.424,3,3
q27.gate_up  tp1,5120,34816,32,bfloat16,128,112x128,1785.536,3,3
q27.gate_up  tp1,5120,34816,32,bfloat16,128,384x128,2047.517,3,3
q27.gate_up  tp1,5120,34816,32,bfloat16,128,256x192,2155.479,3,3
q27.gate_up  tp1,5120,34816,32,bfloat16,128,512x128,2187.106,3,3
q27.gate_up  tp1,5120,34816,32,bfloat16,128,32x128,2290.025,2,3
q27.gate_up  tp1,5120,34816,32,bfloat16,128,128x256,2700.364,2,3
q27.gate_up  tp1,5120,34816,32,bfloat16,128,16x64,3044.569,2,3
q27.gate_up  tp1,5120,34816,32,bfloat16,128,512x64,3145.097,2,3
q27.gate_up  tp1,5120,34816,32,bfloat16,128,256x256,3429.141,2,3
q27.gate_up  tp1,5120,34816,32,bfloat16,128,prefill_wmma:smallm_off,3480.441,2,3
q27.gate_up  tp1,5120,34816,32,bfloat16,128,prefill_wmma,3514.475,2,3
q27.gate_up  tp1,5120,34816,32,bfloat16,128,16x128,4168.911,2,3
q27.gate_up  tp1,5120,34816,32,bfloat16,192,256x128,1323.332,4,3
q27.gate_up  tp1,5120,34816,32,bfloat16,192,256x64,1513.908,4,3
q27.gate_up  tp1,5120,34816,32,bfloat16,192,128x64,1572.265,4,3
q27.gate_up  tp1,5120,34816,32,bfloat16,192,192x128,1585.345,4,3
q27.gate_up  tp1,5120,34816,32,bfloat16,192,128x128,1596.778,3,3
q27.gate_up  tp1,5120,34816,32,bfloat16,192,64x64,1611.667,3,3
q27.gate_up  tp1,5120,34816,32,bfloat16,192,64x128,1707.850,3,3
q27.gate_up  tp1,5120,34816,32,bfloat16,192,64x32,1713.820,4,3
q27.gate_up  tp1,5120,34816,32,bfloat16,192,prefill_wmma_ashuffle,1748.091,3,3
q27.gate_up  tp1,5120,34816,32,bfloat16,192,112x128,1778.927,3,3
q27.gate_up  tp1,5120,34816,32,bfloat16,192,96x128,1813.114,3,3
q27.gate_up  tp1,5120,34816,32,bfloat16,192,256x32,1858.728,3,3
q27.gate_up  tp1,5120,34816,32,bfloat16,192,128x32,1950.174,3,3
q27.gate_up  tp1,5120,34816,32,bfloat16,192,384x128,2087.571,3,3
q27.gate_up  tp1,5120,34816,32,bfloat16,192,256x192,2193.064,2,3
q27.gate_up  tp1,5120,34816,32,bfloat16,192,32x64,2201.777,2,3
q27.gate_up  tp1,5120,34816,32,bfloat16,192,32x32,2222.584,2,3
q27.gate_up  tp1,5120,34816,32,bfloat16,192,512x128,2272.718,2,3
q27.gate_up  tp1,5120,34816,32,bfloat16,192,80x128,2317.459,2,3
q27.gate_up  tp1,5120,34816,32,bfloat16,192,32x128,2625.783,2,3
q27.gate_up  tp1,5120,34816,32,bfloat16,192,512x64,3348.906,2,3
q27.gate_up  tp1,5120,34816,32,bfloat16,192,256x256,3473.468,2,3
q27.gate_up  tp1,5120,34816,32,bfloat16,192,128x256,3696.931,2,3
q27.gate_up  tp1,5120,34816,32,bfloat16,192,prefill_wmma:smallm_off,4112.470,2,3
q27.gate_up  tp1,5120,34816,32,bfloat16,192,prefill_wmma,4127.417,2,3
q27.gate_up  tp1,5120,34816,32,bfloat16,192,16x64,4300.466,2,3
q27.gate_up  tp1,5120,34816,32,bfloat16,192,16x128,6003.050,2,3
q27.gate_up  tp1,5120,34816,32,bfloat16,256,256x128,1416.826,4,3
q27.gate_up  tp1,5120,34816,32,bfloat16,256,256x64,1663.700,4,3
q27.gate_up  tp1,5120,34816,32,bfloat16,256,128x64,1698.997,3,3
q27.gate_up  tp1,5120,34816,32,bfloat16,256,128x128,1716.601,4,3
q27.gate_up  tp1,5120,34816,32,bfloat16,256,256x32,1995.152,3,3
q27.gate_up  tp1,5120,34816,32,bfloat16,256,128x32,2018.179,3,3
q27.gate_up  tp1,5120,34816,32,bfloat16,256,prefill_wmma_ashuffle,2089.073,3,3
q27.gate_up  tp1,5120,34816,32,bfloat16,256,64x64,2128.816,3,3
q27.gate_up  tp1,5120,34816,32,bfloat16,256,64x128,2173.697,3,3
q27.gate_up  tp1,5120,34816,32,bfloat16,256,64x32,2212.884,3,3
q27.gate_up  tp1,5120,34816,32,bfloat16,256,384x128,2284.552,2,3
q27.gate_up  tp1,5120,34816,32,bfloat16,256,256x192,2406.006,2,3
q27.gate_up  tp1,5120,34816,32,bfloat16,256,512x128,2410.813,2,3
q27.gate_up  tp1,5120,34816,32,bfloat16,256,96x128,2477.241,2,3
q27.gate_up  tp1,5120,34816,32,bfloat16,256,112x128,2612.370,2,3
q27.gate_up  tp1,5120,34816,32,bfloat16,256,192x128,2678.937,2,3
q27.gate_up  tp1,5120,34816,32,bfloat16,256,32x64,2816.339,2,3
q27.gate_up  tp1,5120,34816,32,bfloat16,256,32x32,2875.487,2,3
q27.gate_up  tp1,5120,34816,32,bfloat16,256,32x128,3292.652,2,3
q27.gate_up  tp1,5120,34816,32,bfloat16,256,80x128,3448.175,2,3
q27.gate_up  tp1,5120,34816,32,bfloat16,256,512x64,3459.115,2,3
q27.gate_up  tp1,5120,34816,32,bfloat16,256,256x256,3651.984,2,3
q27.gate_up  tp1,5120,34816,32,bfloat16,256,128x256,3960.055,2,3
q27.gate_up  tp1,5120,34816,32,bfloat16,256,prefill_wmma:smallm_off,4715.559,2,3
q27.gate_up  tp1,5120,34816,32,bfloat16,256,prefill_wmma,4751.153,2,3
q27.gate_up  tp1,5120,34816,32,bfloat16,256,16x64,6449.716,2,3
q27.gate_up  tp1,5120,34816,32,bfloat16,256,16x128,11905.593,2,3
q27.gate_up  tp1,5120,34816,32,bfloat16,512,256x128,2519.482,2,3
q27.gate_up  tp1,5120,34816,32,bfloat16,512,256x64,3053.196,2,3
q27.gate_up  tp1,5120,34816,32,bfloat16,512,128x64,3071.283,2,3
q27.gate_up  tp1,5120,34816,32,bfloat16,512,128x128,3293.219,2,3
q27.gate_up  tp1,5120,34816,32,bfloat16,512,prefill_wmma_ashuffle,3784.486,2,3
q27.gate_up  tp1,5120,34816,32,bfloat16,512,192x128,3876.100,2,3
q27.gate_up  tp1,5120,34816,32,bfloat16,512,256x32,3883.881,2,3
q27.gate_up  tp1,5120,34816,32,bfloat16,512,128x32,3904.828,2,3
q27.gate_up  tp1,5120,34816,32,bfloat16,512,512x64,3934.781,2,3
q27.gate_up  tp1,5120,34816,32,bfloat16,512,64x64,3945.015,2,3
q27.gate_up  tp1,5120,34816,32,bfloat16,512,384x128,4041.189,2,3
q27.gate_up  tp1,5120,34816,32,bfloat16,512,64x32,4267.612,2,3
q27.gate_up  tp1,5120,34816,32,bfloat16,512,96x128,4454.189,2,3
q27.gate_up  tp1,5120,34816,32,bfloat16,512,64x128,4570.450,2,3
q27.gate_up  tp1,5120,34816,32,bfloat16,512,112x128,4816.893,2,3
q27.gate_up  tp1,5120,34816,32,bfloat16,512,512x128,4876.054,2,3
q27.gate_up  tp1,5120,34816,32,bfloat16,512,32x64,5538.030,2,3
q27.gate_up  tp1,5120,34816,32,bfloat16,512,32x32,5576.064,2,3
q27.gate_up  tp1,5120,34816,32,bfloat16,512,80x128,5996.649,2,3
q27.gate_up  tp1,5120,34816,32,bfloat16,512,256x256,6114.644,2,3
q27.gate_up  tp1,5120,34816,32,bfloat16,512,128x256,7154.399,2,3
q27.gate_up  tp1,5120,34816,32,bfloat16,512,256x192,7540.378,2,3
q27.gate_up  tp1,5120,34816,32,bfloat16,512,32x128,7825.695,2,3
q27.gate_up  tp1,5120,34816,32,bfloat16,512,prefill_wmma:smallm_off,9124.660,2,3
q27.gate_up  tp1,5120,34816,32,bfloat16,512,prefill_wmma,9146.720,2,3
q27.gate_up  tp1,5120,34816,32,bfloat16,512,16x64,11610.909,2,3
q27.gate_up  tp1,5120,34816,32,bfloat16,512,16x128,23430.911,2,3
q27.gate_up  tp1,5120,34816,32,bfloat16,1024,256x128,4750.113,2,3
q27.gate_up  tp1,5120,34816,32,bfloat16,1024,128x128,5763.287,2,3
q27.gate_up  tp1,5120,34816,32,bfloat16,1024,256x64,5789.480,2,3
q27.gate_up  tp1,5120,34816,32,bfloat16,1024,128x64,5840.148,2,3
q27.gate_up  tp1,5120,34816,32,bfloat16,1024,384x128,6123.046,2,3
q27.gate_up  tp1,5120,34816,32,bfloat16,1024,512x128,6922.990,2,3
q27.gate_up  tp1,5120,34816,32,bfloat16,1024,prefill_wmma_ashuffle,7317.361,2,3
q27.gate_up  tp1,5120,34816,32,bfloat16,1024,192x128,7334.529,2,3
q27.gate_up  tp1,5120,34816,32,bfloat16,1024,64x64,7527.185,2,3
q27.gate_up  tp1,5120,34816,32,bfloat16,1024,512x64,7584.365,2,3
q27.gate_up  tp1,5120,34816,32,bfloat16,1024,256x32,7597.466,2,3
q27.gate_up  tp1,5120,34816,32,bfloat16,1024,128x32,7675.734,2,3
q27.gate_up  tp1,5120,34816,32,bfloat16,1024,112x128,7861.169,2,3
q27.gate_up  tp1,5120,34816,32,bfloat16,1024,64x128,8339.049,2,3
q27.gate_up  tp1,5120,34816,32,bfloat16,1024,64x32,8365.143,2,3
q27.gate_up  tp1,5120,34816,32,bfloat16,1024,96x128,8548.566,2,3
q27.gate_up  tp1,5120,34816,32,bfloat16,1024,32x64,10705.869,2,3
q27.gate_up  tp1,5120,34816,32,bfloat16,1024,80x128,11024.340,2,3
q27.gate_up  tp1,5120,34816,32,bfloat16,1024,32x32,11620.355,2,3
q27.gate_up  tp1,5120,34816,32,bfloat16,1024,256x256,11948.067,2,3
q27.gate_up  tp1,5120,34816,32,bfloat16,1024,128x256,13148.263,2,3
q27.gate_up  tp1,5120,34816,32,bfloat16,1024,32x128,15399.447,2,3
q27.gate_up  tp1,5120,34816,32,bfloat16,1024,prefill_wmma:smallm_off,17668.112,2,3
q27.gate_up  tp1,5120,34816,32,bfloat16,1024,prefill_wmma,17716.752,2,3
q27.gate_up  tp1,5120,34816,32,bfloat16,1024,256x192,18011.391,2,3
q27.gate_up  tp1,5120,34816,32,bfloat16,1024,16x64,21967.059,2,3
q27.gate_up  tp1,5120,34816,32,bfloat16,1024,16x128,44949.921,2,3
q27.gate_up  tp1,5120,34816,32,bfloat16,2048,256x128,9342.863,2,3
q27.gate_up  tp1,5120,34816,32,bfloat16,2048,512x128,9808.922,2,3
q27.gate_up  tp1,5120,34816,32,bfloat16,2048,128x128,11347.824,2,3
q27.gate_up  tp1,5120,34816,32,bfloat16,2048,256x64,11403.058,2,3
q27.gate_up  tp1,5120,34816,32,bfloat16,2048,128x64,11634.842,2,3
q27.gate_up  tp1,5120,34816,32,bfloat16,2048,384x128,12037.435,2,3
q27.gate_up  tp1,5120,34816,32,bfloat16,2048,192x128,13432.367,2,3
q27.gate_up  tp1,5120,34816,32,bfloat16,2048,prefill_wmma_ashuffle,14704.051,2,3
q27.gate_up  tp1,5120,34816,32,bfloat16,2048,512x64,14917.535,2,3
q27.gate_up  tp1,5120,34816,32,bfloat16,2048,64x64,15073.842,2,3
q27.gate_up  tp1,5120,34816,32,bfloat16,2048,112x128,15145.151,2,3
q27.gate_up  tp1,5120,34816,32,bfloat16,2048,256x32,15231.906,2,3
q27.gate_up  tp1,5120,34816,32,bfloat16,2048,96x128,15608.543,2,3
q27.gate_up  tp1,5120,34816,32,bfloat16,2048,64x128,15773.739,2,3
q27.gate_up  tp1,5120,34816,32,bfloat16,2048,128x32,16240.719,2,3
q27.gate_up  tp1,5120,34816,32,bfloat16,2048,64x32,17597.192,2,3
q27.gate_up  tp1,5120,34816,32,bfloat16,2048,80x128,18585.659,2,3
q27.gate_up  tp1,5120,34816,32,bfloat16,2048,32x64,21152.840,2,3
q27.gate_up  tp1,5120,34816,32,bfloat16,2048,256x256,23566.101,2,3
q27.gate_up  tp1,5120,34816,32,bfloat16,2048,32x32,23820.071,2,3
q27.gate_up  tp1,5120,34816,32,bfloat16,2048,128x256,25925.374,2,3
q27.gate_up  tp1,5120,34816,32,bfloat16,2048,32x128,26273.783,2,3
q27.gate_up  tp1,5120,34816,32,bfloat16,2048,256x192,31820.508,2,3
q27.gate_up  tp1,5120,34816,32,bfloat16,2048,prefill_wmma:smallm_off,34805.590,2,3
q27.gate_up  tp1,5120,34816,32,bfloat16,2048,prefill_wmma,34843.252,2,3
q27.gate_up  tp1,5120,34816,32,bfloat16,2048,16x64,42812.597,2,3
q27.gate_up  tp1,5120,34816,32,bfloat16,2048,16x128,86244.202,2,3
lm_head      tp2,2816,131072,32,float16,1,64x32,852.860,12,2
lm_head      tp2,2816,131072,32,float16,1,prefill_wmma,1235.011,7,2
lm_head      tp2,2816,131072,32,float16,1,128x64,1303.541,8,2
lm_head      tp2,2816,131072,32,float16,1,128x128,1383.962,7,2
lm_head      tp2,2816,131072,32,float16,1,96x128,1543.485,6,2
lm_head      tp2,2816,131072,32,float16,1,112x128,1603.466,6,2
lm_head      tp2,2816,131072,32,float16,1,128x32,1608.982,6,2
lm_head      tp2,2816,131072,32,float16,1,80x128,1653.943,6,2
lm_head      tp2,2816,131072,32,float16,1,prefill_wmma_ashuffle,1806.829,5,2
lm_head      tp2,2816,131072,32,float16,1,64x64,1920.211,5,2
lm_head      tp2,2816,131072,32,float16,1,256x128,1987.832,5,2
lm_head      tp2,2816,131072,32,float16,1,192x128,2207.731,4,2
lm_head      tp2,2816,131072,32,float16,1,32x32,2299.522,4,2
lm_head      tp2,2816,131072,32,float16,1,256x64,2369.123,4,2
lm_head      tp2,2816,131072,32,float16,1,32x64,2562.889,3,2
lm_head      tp2,2816,131072,32,float16,1,64x128,2562.929,3,2
lm_head      tp2,2816,131072,32,float16,1,16x64,2618.176,3,2
lm_head      tp2,2816,131072,32,float16,1,32x128,2620.003,3,2
lm_head      tp2,2816,131072,32,float16,1,16x128,2624.577,3,2
lm_head      tp2,2816,131072,32,float16,1,256x32,2973.955,3,2
lm_head      tp2,2816,131072,32,float16,1,128x256,3592.850,2,2
lm_head      tp2,2816,131072,32,float16,1,256x192,3606.530,2,2
lm_head      tp2,2816,131072,32,float16,1,384x128,3875.304,2,2
lm_head      tp2,2816,131072,32,float16,1,512x128,4334.610,2,2
lm_head      tp2,2816,131072,32,float16,1,prefill_wmma:smallm_off,4932.379,2,2
lm_head      tp2,2816,131072,32,float16,1,256x256,5456.346,2,2
lm_head      tp2,2816,131072,32,float16,1,512x64,6739.154,2,2
lm_head      tp2,2816,131072,32,float16,8,64x32,881.241,12,2
lm_head      tp2,2816,131072,32,float16,8,prefill_wmma,1307.035,7,2
lm_head      tp2,2816,131072,32,float16,8,128x64,1322.856,7,2
lm_head      tp2,2816,131072,32,float16,8,128x128,1412.360,7,2
lm_head      tp2,2816,131072,32,float16,8,96x128,1537.331,6,2
lm_head      tp2,2816,131072,32,float16,8,112x128,1617.662,6,2
lm_head      tp2,2816,131072,32,float16,8,80x128,1637.516,6,2
lm_head      tp2,2816,131072,32,float16,8,128x32,1658.946,6,2
lm_head      tp2,2816,131072,32,float16,8,prefill_wmma_ashuffle,1838.293,5,2
lm_head      tp2,2816,131072,32,float16,8,64x64,1912.955,5,2
lm_head      tp2,2816,131072,32,float16,8,256x128,2029.980,5,2
lm_head      tp2,2816,131072,32,float16,8,192x128,2208.436,4,2
lm_head      tp2,2816,131072,32,float16,8,32x32,2314.907,4,2
lm_head      tp2,2816,131072,32,float16,8,256x64,2421.944,4,2
lm_head      tp2,2816,131072,32,float16,8,64x128,2558.876,3,2
lm_head      tp2,2816,131072,32,float16,8,32x64,2576.169,3,2
lm_head      tp2,2816,131072,32,float16,8,32x128,2600.029,3,2
lm_head      tp2,2816,131072,32,float16,8,16x64,2617.810,3,2
lm_head      tp2,2816,131072,32,float16,8,16x128,2619.563,3,2
lm_head      tp2,2816,131072,32,float16,8,256x32,3025.669,3,2
lm_head      tp2,2816,131072,32,float16,8,128x256,3610.850,2,2
lm_head      tp2,2816,131072,32,float16,8,256x192,3656.601,2,2
lm_head      tp2,2816,131072,32,float16,8,384x128,3900.444,2,2
lm_head      tp2,2816,131072,32,float16,8,512x128,4352.941,2,2
lm_head      tp2,2816,131072,32,float16,8,prefill_wmma:smallm_off,4904.408,2,2
lm_head      tp2,2816,131072,32,float16,8,256x256,5499.217,2,2
lm_head      tp2,2816,131072,32,float16,8,512x64,6681.773,2,2
lm_head      tp2,2816,131072,32,float16,17,64x32,941.422,11,2
lm_head      tp2,2816,131072,32,float16,17,128x64,1342.987,7,2
lm_head      tp2,2816,131072,32,float16,17,128x128,1425.327,6,2
lm_head      tp2,2816,131072,32,float16,17,prefill_wmma,1566.068,6,2
lm_head      tp2,2816,131072,32,float16,17,96x128,1579.755,6,2
lm_head      tp2,2816,131072,32,float16,17,112x128,1621.806,6,2
lm_head      tp2,2816,131072,32,float16,17,80x128,1635.223,6,2
lm_head      tp2,2816,131072,32,float16,17,128x32,1672.407,6,2
lm_head      tp2,2816,131072,32,float16,17,prefill_wmma_ashuffle,1941.435,5,2
lm_head      tp2,2816,131072,32,float16,17,64x64,1956.003,5,2
lm_head      tp2,2816,131072,32,float16,17,256x128,2039.693,4,2
lm_head      tp2,2816,131072,32,float16,17,192x128,2217.966,4,2
lm_head      tp2,2816,131072,32,float16,17,32x32,2335.953,4,2
lm_head      tp2,2816,131072,32,float16,17,256x64,2419.074,4,2
lm_head      tp2,2816,131072,32,float16,17,64x128,2567.323,3,2
lm_head      tp2,2816,131072,32,float16,17,32x64,2578.983,3,2
lm_head      tp2,2816,131072,32,float16,17,32x128,2610.050,3,2
lm_head      tp2,2816,131072,32,float16,17,16x64,2610.303,3,2
lm_head      tp2,2816,131072,32,float16,17,16x128,2793.279,3,2
lm_head      tp2,2816,131072,32,float16,17,256x32,3088.290,3,2
lm_head      tp2,2816,131072,32,float16,17,128x256,3630.801,2,2
lm_head      tp2,2816,131072,32,float16,17,256x192,3652.521,2,2
lm_head      tp2,2816,131072,32,float16,17,384x128,3781.273,2,2
lm_head      tp2,2816,131072,32,float16,17,512x128,4413.261,2,2
lm_head      tp2,2816,131072,32,float16,17,prefill_wmma:smallm_off,5157.622,2,2
lm_head      tp2,2816,131072,32,float16,17,256x256,5543.707,2,2
lm_head      tp2,2816,131072,32,float16,17,512x64,6898.606,2,2
lm_head      tp2,2816,131072,32,float16,24,64x32,955.011,11,2
lm_head      tp2,2816,131072,32,float16,24,128x64,1343.499,7,2
lm_head      tp2,2816,131072,32,float16,24,128x128,1435.726,7,2
lm_head      tp2,2816,131072,32,float16,24,96x128,1584.405,6,2
lm_head      tp2,2816,131072,32,float16,24,prefill_wmma,1601.226,6,2
lm_head      tp2,2816,131072,32,float16,24,112x128,1640.146,6,2
lm_head      tp2,2816,131072,32,float16,24,80x128,1702.530,6,2
lm_head      tp2,2816,131072,32,float16,24,128x32,1704.007,6,2
lm_head      tp2,2816,131072,32,float16,24,prefill_wmma_ashuffle,1963.707,5,2
lm_head      tp2,2816,131072,32,float16,24,64x64,1985.520,5,2
lm_head      tp2,2816,131072,32,float16,24,256x128,2051.412,5,2
lm_head      tp2,2816,131072,32,float16,24,192x128,2226.461,4,2
lm_head      tp2,2816,131072,32,float16,24,32x32,2368.078,4,2
lm_head      tp2,2816,131072,32,float16,24,256x64,2430.369,4,2
lm_head      tp2,2816,131072,32,float16,24,64x128,2579.603,3,2
lm_head      tp2,2816,131072,32,float16,24,32x64,2583.156,3,2
lm_head      tp2,2816,131072,32,float16,24,32x128,2610.156,3,2
lm_head      tp2,2816,131072,32,float16,24,16x64,2649.157,3,2
lm_head      tp2,2816,131072,32,float16,24,16x128,2809.433,3,2
lm_head      tp2,2816,131072,32,float16,24,256x32,3033.935,3,2
lm_head      tp2,2816,131072,32,float16,24,128x256,3645.081,2,2
lm_head      tp2,2816,131072,32,float16,24,256x192,3701.652,2,2
lm_head      tp2,2816,131072,32,float16,24,384x128,3909.285,2,2
lm_head      tp2,2816,131072,32,float16,24,512x128,4264.419,2,2
lm_head      tp2,2816,131072,32,float16,24,prefill_wmma:smallm_off,5186.742,2,2
lm_head      tp2,2816,131072,32,float16,24,256x256,5600.908,2,2
lm_head      tp2,2816,131072,32,float16,24,512x64,6075.524,2,2
lm_head      tp2,2816,131072,32,float16,32,64x32,971.115,11,2
lm_head      tp2,2816,131072,32,float16,32,128x64,1359.905,7,2
lm_head      tp2,2816,131072,32,float16,32,128x128,1448.247,6,2
lm_head      tp2,2816,131072,32,float16,32,96x128,1633.896,6,2
lm_head      tp2,2816,131072,32,float16,32,128x32,1675.647,6,2
lm_head      tp2,2816,131072,32,float16,32,112x128,1687.313,6,2
lm_head      tp2,2816,131072,32,float16,32,prefill_wmma,1689.850,6,2
lm_head      tp2,2816,131072,32,float16,32,80x128,1708.937,6,2
lm_head      tp2,2816,131072,32,float16,32,prefill_wmma_ashuffle,1982.803,4,2
lm_head      tp2,2816,131072,32,float16,32,64x64,1997.392,5,2
lm_head      tp2,2816,131072,32,float16,32,256x128,2052.903,4,2
lm_head      tp2,2816,131072,32,float16,32,192x128,2233.386,4,2
lm_head      tp2,2816,131072,32,float16,32,256x64,2425.214,4,2
lm_head      tp2,2816,131072,32,float16,32,32x32,2452.704,4,2
lm_head      tp2,2816,131072,32,float16,32,32x64,2579.982,3,2
lm_head      tp2,2816,131072,32,float16,32,64x128,2585.976,3,2
lm_head      tp2,2816,131072,32,float16,32,32x128,2616.876,3,2
lm_head      tp2,2816,131072,32,float16,32,16x64,2750.918,3,2
lm_head      tp2,2816,131072,32,float16,32,16x128,2837.786,3,2
lm_head      tp2,2816,131072,32,float16,32,256x32,3071.183,3,2
lm_head      tp2,2816,131072,32,float16,32,128x256,3657.221,2,2
lm_head      tp2,2816,131072,32,float16,32,256x192,3698.431,2,2
lm_head      tp2,2816,131072,32,float16,32,384x128,3922.894,2,2
lm_head      tp2,2816,131072,32,float16,32,512x128,4491.123,2,2
lm_head      tp2,2816,131072,32,float16,32,prefill_wmma:smallm_off,5247.223,2,2
lm_head      tp2,2816,131072,32,float16,32,256x256,5611.948,2,2
lm_head      tp2,2816,131072,32,float16,32,512x64,7023.008,2,2
lm_head      tp2,2816,131072,32,float16,48,64x32,1102.011,10,2
lm_head      tp2,2816,131072,32,float16,48,128x64,1433.611,7,2
lm_head      tp2,2816,131072,32,float16,48,128x128,1517.098,6,2
lm_head      tp2,2816,131072,32,float16,48,32x32,1523.098,6,2
lm_head      tp2,2816,131072,32,float16,48,96x128,1600.976,6,2
lm_head      tp2,2816,131072,32,float16,48,112x128,1726.951,6,2
lm_head      tp2,2816,131072,32,float16,48,80x128,1775.841,5,2
lm_head      tp2,2816,131072,32,float16,48,128x32,1801.919,6,2
lm_head      tp2,2816,131072,32,float16,48,prefill_wmma,1922.499,5,2
lm_head      tp2,2816,131072,32,float16,48,64x64,2049.093,4,2
lm_head      tp2,2816,131072,32,float16,48,256x128,2055.309,4,2
lm_head      tp2,2816,131072,32,float16,48,prefill_wmma_ashuffle,2108.244,4,2
lm_head      tp2,2816,131072,32,float16,48,192x128,2254.002,4,2
lm_head      tp2,2816,131072,32,float16,48,32x64,2326.967,4,2
lm_head      tp2,2816,131072,32,float16,48,256x64,2441.969,4,2
lm_head      tp2,2816,131072,32,float16,48,16x64,2469.584,4,2
lm_head      tp2,2816,131072,32,float16,48,64x128,2613.616,3,2
lm_head      tp2,2816,131072,32,float16,48,32x128,2614.850,3,2
lm_head      tp2,2816,131072,32,float16,48,256x32,3059.703,3,2
lm_head      tp2,2816,131072,32,float16,48,16x128,3592.420,2,2
lm_head      tp2,2816,131072,32,float16,48,128x256,3733.782,2,2
lm_head      tp2,2816,131072,32,float16,48,256x192,3763.292,2,2
lm_head      tp2,2816,131072,32,float16,48,384x128,3817.833,2,2
lm_head      tp2,2816,131072,32,float16,48,512x128,4553.283,2,2
lm_head      tp2,2816,131072,32,float16,48,prefill_wmma:smallm_off,5513.367,2,2
lm_head      tp2,2816,131072,32,float16,48,256x256,5614.718,2,2
lm_head      tp2,2816,131072,32,float16,48,512x64,6115.895,2,2
lm_head      tp2,2816,131072,32,float16,63,64x32,1141.292,9,2
lm_head      tp2,2816,131072,32,float16,63,128x64,1494.004,7,2
lm_head      tp2,2816,131072,32,float16,63,32x32,1548.865,6,2
lm_head      tp2,2816,131072,32,float16,63,128x128,1551.638,6,2
lm_head      tp2,2816,131072,32,float16,63,96x128,1703.020,6,2
lm_head      tp2,2816,131072,32,float16,63,112x128,1790.881,5,2
lm_head      tp2,2816,131072,32,float16,63,128x32,1822.225,5,2
lm_head      tp2,2816,131072,32,float16,63,80x128,1839.230,5,2
lm_head      tp2,2816,131072,32,float16,63,256x128,2072.389,4,2
lm_head      tp2,2816,131072,32,float16,63,64x64,2080.374,4,2
lm_head      tp2,2816,131072,32,float16,63,prefill_wmma,2149.535,4,2
lm_head      tp2,2816,131072,32,float16,63,prefill_wmma_ashuffle,2212.446,4,2
lm_head      tp2,2816,131072,32,float16,63,32x64,2303.502,4,2
lm_head      tp2,2816,131072,32,float16,63,192x128,2368.068,4,2
lm_head      tp2,2816,131072,32,float16,63,256x64,2448.929,4,2
lm_head      tp2,2816,131072,32,float16,63,64x128,2651.677,4,2
lm_head      tp2,2816,131072,32,float16,63,32x128,2670.997,3,2
lm_head      tp2,2816,131072,32,float16,63,16x64,2913.381,3,2
lm_head      tp2,2816,131072,32,float16,63,256x32,3115.550,3,2
lm_head      tp2,2816,131072,32,float16,63,256x192,3721.412,2,2
lm_head      tp2,2816,131072,32,float16,63,128x256,3770.922,2,2
lm_head      tp2,2816,131072,32,float16,63,384x128,3916.325,2,2
lm_head      tp2,2816,131072,32,float16,63,512x128,4512.433,2,2
lm_head      tp2,2816,131072,32,float16,63,16x128,4596.394,2,2
lm_head      tp2,2816,131072,32,float16,63,256x256,5653.839,2,2
lm_head      tp2,2816,131072,32,float16,63,prefill_wmma:smallm_off,5701.580,2,2
lm_head      tp2,2816,131072,32,float16,63,512x64,7444.493,2,2
lm_head      tp2,2816,131072,32,float16,64,64x32,1116.380,9,2
lm_head      tp2,2816,131072,32,float16,64,128x64,1494.747,7,2
lm_head      tp2,2816,131072,32,float16,64,32x32,1544.492,6,2
lm_head      tp2,2816,131072,32,float16,64,128x128,1551.958,6,2
lm_head      tp2,2816,131072,32,float16,64,96x128,1719.721,6,2
lm_head      tp2,2816,131072,32,float16,64,128x32,1787.881,5,2
lm_head      tp2,2816,131072,32,float16,64,112x128,1790.921,5,2
lm_head      tp2,2816,131072,32,float16,64,80x128,1803.293,5,2
lm_head      tp2,2816,131072,32,float16,64,256x128,2074.554,4,2
lm_head      tp2,2816,131072,32,float16,64,64x64,2098.554,4,2
lm_head      tp2,2816,131072,32,float16,64,prefill_wmma,2149.340,4,2
lm_head      tp2,2816,131072,32,float16,64,prefill_wmma_ashuffle,2220.456,4,2
lm_head      tp2,2816,131072,32,float16,64,32x64,2303.347,4,2
lm_head      tp2,2816,131072,32,float16,64,192x128,2341.292,4,2
lm_head      tp2,2816,131072,32,float16,64,256x64,2458.109,4,2
lm_head      tp2,2816,131072,32,float16,64,32x128,2627.030,3,2
lm_head      tp2,2816,131072,32,float16,64,64x128,2643.037,3,2
lm_head      tp2,2816,131072,32,float16,64,16x64,2936.488,3,2
lm_head      tp2,2816,131072,32,float16,64,256x32,3131.203,3,2
lm_head      tp2,2816,131072,32,float16,64,256x192,3711.002,2,2
lm_head      tp2,2816,131072,32,float16,64,128x256,3747.902,2,2
lm_head      tp2,2816,131072,32,float16,64,384x128,3937.705,2,2
lm_head      tp2,2816,131072,32,float16,64,512x128,4512.263,2,2
lm_head      tp2,2816,131072,32,float16,64,16x128,4553.293,2,2
lm_head      tp2,2816,131072,32,float16,64,256x256,5632.109,2,2
lm_head      tp2,2816,131072,32,float16,64,prefill_wmma:smallm_off,5692.709,2,2
lm_head      tp2,2816,131072,32,float16,64,512x64,6361.578,2,2
lm_head      tp2,2816,131072,32,float16,96,128x64,1594.689,6,2
lm_head      tp2,2816,131072,32,float16,96,128x128,1630.879,6,2
lm_head      tp2,2816,131072,32,float16,96,96x128,1760.116,5,2
lm_head      tp2,2816,131072,32,float16,96,112x128,1852.386,5,2
lm_head      tp2,2816,131072,32,float16,96,64x64,1955.111,5,2
lm_head      tp2,2816,131072,32,float16,96,128x32,1998.388,5,2
lm_head      tp2,2816,131072,32,float16,96,64x128,2016.984,5,2
lm_head      tp2,2816,131072,32,float16,96,64x32,2139.930,5,2
lm_head      tp2,2816,131072,32,float16,96,32x32,2188.426,4,2
lm_head      tp2,2816,131072,32,float16,96,32x64,2189.210,4,2
lm_head      tp2,2816,131072,32,float16,96,256x128,2204.636,4,2
lm_head      tp2,2816,131072,32,float16,96,192x128,2360.118,4,2
lm_head      tp2,2816,131072,32,float16,96,prefill_wmma_ashuffle,2501.670,4,2
lm_head      tp2,2816,131072,32,float16,96,256x64,2584.669,3,2
lm_head      tp2,2816,131072,32,float16,96,32x128,2612.796,3,2
lm_head      tp2,2816,131072,32,float16,96,80x128,2749.365,3,2
lm_head      tp2,2816,131072,32,float16,96,256x32,3362.157,2,2
lm_head      tp2,2816,131072,32,float16,96,384x128,3443.998,2,2
lm_head      tp2,2816,131072,32,float16,96,prefill_wmma,3646.261,2,2
lm_head      tp2,2816,131072,32,float16,96,128x256,3897.645,2,2
lm_head      tp2,2816,131072,32,float16,96,256x192,3983.406,2,2
lm_head      tp2,2816,131072,32,float16,96,16x64,4018.336,2,2
lm_head      tp2,2816,131072,32,float16,96,512x128,4574.954,2,2
lm_head      tp2,2816,131072,32,float16,96,16x128,5600.098,2,2
lm_head      tp2,2816,131072,32,float16,96,256x256,5897.512,2,2
lm_head      tp2,2816,131072,32,float16,96,prefill_wmma:smallm_off,6420.669,2,2
lm_head      tp2,2816,131072,32,float16,96,512x64,6953.117,2,2
lm_head      tp2,2816,131072,32,float16,128,128x64,1688.750,6,2
lm_head      tp2,2816,131072,32,float16,128,128x128,1707.280,5,2
lm_head      tp2,2816,131072,32,float16,128,64x64,2023.428,5,2
lm_head      tp2,2816,131072,32,float16,128,128x32,2104.724,4,2
lm_head      tp2,2816,131072,32,float16,128,64x128,2121.185,4,2
lm_head      tp2,2816,131072,32,float16,128,256x128,2226.111,4,2
lm_head      tp2,2816,131072,32,float16,128,64x32,2282.107,4,2
lm_head      tp2,2816,131072,32,float16,128,192x128,2520.275,4,2
lm_head      tp2,2816,131072,32,float16,128,32x64,2624.970,3,2
lm_head      tp2,2816,131072,32,float16,128,256x64,2637.403,3,2
lm_head      tp2,2816,131072,32,float16,128,prefill_wmma_ashuffle,2689.731,3,2
lm_head      tp2,2816,131072,32,float16,128,32x32,2823.519,3,2
lm_head      tp2,2816,131072,32,float16,128,96x128,2845.026,3,2
lm_head      tp2,2816,131072,32,float16,128,80x128,2969.048,3,2
lm_head      tp2,2816,131072,32,float16,128,112x128,3057.943,3,2
lm_head      tp2,2816,131072,32,float16,128,32x128,3109.217,3,2
lm_head      tp2,2816,131072,32,float16,128,256x32,3439.158,2,2
lm_head      tp2,2816,131072,32,float16,128,384x128,3680.911,2,2
lm_head      tp2,2816,131072,32,float16,128,256x192,3961.545,2,2
lm_head      tp2,2816,131072,32,float16,128,128x256,4011.516,2,2
lm_head      tp2,2816,131072,32,float16,128,512x128,4582.904,2,2
lm_head      tp2,2816,131072,32,float16,128,16x64,5410.745,2,2
lm_head      tp2,2816,131072,32,float16,128,256x256,5931.553,2,2
lm_head      tp2,2816,131072,32,float16,128,prefill_wmma,6841.866,2,2
lm_head      tp2,2816,131072,32,float16,128,prefill_wmma:smallm_off,6934.076,2,2
lm_head      tp2,2816,131072,32,float16,128,512x64,7010.338,2,2
lm_head      tp2,2816,131072,32,float16,128,16x128,10962.702,2,2
lm_head      tp2,2816,131072,32,float16,192,256x128,2369.763,4,2
lm_head      tp2,2816,131072,32,float16,192,192x128,2660.717,3,2
lm_head      tp2,2816,131072,32,float16,192,128x128,2799.872,3,2
lm_head      tp2,2816,131072,32,float16,192,256x64,2851.233,3,2
lm_head      tp2,2816,131072,32,float16,192,64x128,2852.566,3,2
lm_head      tp2,2816,131072,32,float16,192,64x64,2878.667,3,2
lm_head      tp2,2816,131072,32,float16,192,128x64,2890.693,3,2
lm_head      tp2,2816,131072,32,float16,192,96x128,2950.201,3,2
lm_head      tp2,2816,131072,32,float16,192,112x128,3179.644,3,2
lm_head      tp2,2816,131072,32,float16,192,prefill_wmma_ashuffle,3300.653,3,2
lm_head      tp2,2816,131072,32,float16,192,64x32,3321.336,2,2
lm_head      tp2,2816,131072,32,float16,192,32x64,3788.183,2,2
lm_head      tp2,2816,131072,32,float16,192,256x32,3794.403,2,2
lm_head      tp2,2816,131072,32,float16,192,128x32,3798.753,2,2
lm_head      tp2,2816,131072,32,float16,192,80x128,4050.827,2,2
lm_head      tp2,2816,131072,32,float16,192,384x128,4072.607,2,2
lm_head      tp2,2816,131072,32,float16,192,32x32,4125.827,2,2
lm_head      tp2,2816,131072,32,float16,192,256x192,4183.418,2,2
lm_head      tp2,2816,131072,32,float16,192,32x128,4278.860,2,2
lm_head      tp2,2816,131072,32,float16,192,512x128,4583.553,2,2
lm_head      tp2,2816,131072,32,float16,192,256x256,6216.677,2,2
lm_head      tp2,2816,131072,32,float16,192,128x256,6702.734,2,2
lm_head      tp2,2816,131072,32,float16,192,512x64,6761.164,2,2
lm_head      tp2,2816,131072,32,float16,192,16x64,7834.669,2,2
lm_head      tp2,2816,131072,32,float16,192,prefill_wmma:smallm_off,7980.401,2,2
lm_head      tp2,2816,131072,32,float16,192,prefill_wmma,7996.861,2,2
lm_head      tp2,2816,131072,32,float16,192,16x128,16324.787,2,2
lm_head      tp2,2816,131072,32,float16,256,256x128,2590.343,3,2
lm_head      tp2,2816,131072,32,float16,256,128x128,2967.815,3,2
lm_head      tp2,2816,131072,32,float16,256,256x64,3118.670,3,2
lm_head      tp2,2816,131072,32,float16,256,128x64,3124.010,3,2
lm_head      tp2,2816,131072,32,float16,256,64x64,3829.233,2,2
lm_head      tp2,2816,131072,32,float16,256,prefill_wmma_ashuffle,3876.784,2,2
lm_head      tp2,2816,131072,32,float16,256,256x32,4039.536,2,2
lm_head      tp2,2816,131072,32,float16,256,128x32,4072.287,2,2
lm_head      tp2,2816,131072,32,float16,256,64x128,4109.257,2,2
lm_head      tp2,2816,131072,32,float16,256,96x128,4339.460,2,2
lm_head      tp2,2816,131072,32,float16,256,64x32,4374.271,2,2
lm_head      tp2,2816,131072,32,float16,256,256x192,4451.752,2,2
lm_head      tp2,2816,131072,32,float16,256,384x128,4509.833,2,2
lm_head      tp2,2816,131072,32,float16,256,112x128,4655.465,2,2
lm_head      tp2,2816,131072,32,float16,256,512x128,4671.235,2,2
lm_head      tp2,2816,131072,32,float16,256,192x128,4820.107,2,2
lm_head      tp2,2816,131072,32,float16,256,32x64,5264.273,2,2
lm_head      tp2,2816,131072,32,float16,256,80x128,5359.115,2,2
lm_head      tp2,2816,131072,32,float16,256,32x32,5461.236,2,2
lm_head      tp2,2816,131072,32,float16,256,32x128,6031.924,2,2
lm_head      tp2,2816,131072,32,float16,256,256x256,6443.120,2,2
lm_head      tp2,2816,131072,32,float16,256,512x64,6648.273,2,2
lm_head      tp2,2816,131072,32,float16,256,128x256,7322.032,2,2
lm_head      tp2,2816,131072,32,float16,256,prefill_wmma,9202.178,2,2
lm_head      tp2,2816,131072,32,float16,256,prefill_wmma:smallm_off,9234.398,2,2
lm_head      tp2,2816,131072,32,float16,256,16x64,10525.917,2,2
lm_head      tp2,2816,131072,32,float16,256,16x128,20970.053,2,2
lm_head      tp2,2816,131072,32,float16,512,256x128,4882.458,2,2
lm_head      tp2,2816,131072,32,float16,512,512x128,5074.471,2,2
lm_head      tp2,2816,131072,32,float16,512,128x128,5716.160,2,2
lm_head      tp2,2816,131072,32,float16,512,128x64,5913.992,2,2
lm_head      tp2,2816,131072,32,float16,512,256x64,5939.713,2,2
lm_head      tp2,2816,131072,32,float16,512,192x128,7245.641,2,2
lm_head      tp2,2816,131072,32,float16,512,64x64,7325.072,2,2
lm_head      tp2,2816,131072,32,float16,512,prefill_wmma_ashuffle,7489.094,2,2
lm_head      tp2,2816,131072,32,float16,512,64x128,7508.945,2,2
lm_head      tp2,2816,131072,32,float16,512,112x128,7637.947,2,2
lm_head      tp2,2816,131072,32,float16,512,512x64,7732.688,2,2
lm_head      tp2,2816,131072,32,float16,512,384x128,7774.738,2,2
lm_head      tp2,2816,131072,32,float16,512,256x32,7862.659,2,2
lm_head      tp2,2816,131072,32,float16,512,128x32,7895.250,2,2
lm_head      tp2,2816,131072,32,float16,512,96x128,8289.145,2,2
lm_head      tp2,2816,131072,32,float16,512,64x32,8509.299,2,2
lm_head      tp2,2816,131072,32,float16,512,80x128,9244.159,2,2
lm_head      tp2,2816,131072,32,float16,512,32x64,10138.792,2,2
lm_head      tp2,2816,131072,32,float16,512,32x32,10825.391,2,2
lm_head      tp2,2816,131072,32,float16,512,32x128,11347.048,2,2
lm_head      tp2,2816,131072,32,float16,512,256x256,11903.486,2,2
lm_head      tp2,2816,131072,32,float16,512,128x256,13098.543,2,2
lm_head      tp2,2816,131072,32,float16,512,256x192,17667.307,2,2
lm_head      tp2,2816,131072,32,float16,512,prefill_wmma,18093.851,2,2
lm_head      tp2,2816,131072,32,float16,512,prefill_wmma:smallm_off,18179.604,2,2
lm_head      tp2,2816,131072,32,float16,512,16x64,20260.983,2,2
lm_head      tp2,2816,131072,32,float16,512,16x128,42689.075,2,2
lm_head      tp2,2816,131072,32,float16,1024,256x128,9426.072,2,2
lm_head      tp2,2816,131072,32,float16,1024,512x128,9940.459,2,2
lm_head      tp2,2816,131072,32,float16,1024,128x128,11174.866,2,2
lm_head      tp2,2816,131072,32,float16,1024,128x64,11609.742,2,2
lm_head      tp2,2816,131072,32,float16,1024,256x64,11755.634,2,2
lm_head      tp2,2816,131072,32,float16,1024,384x128,12129.250,2,2
lm_head      tp2,2816,131072,32,float16,1024,192x128,14236.649,2,2
lm_head      tp2,2816,131072,32,float16,1024,64x64,14466.012,2,2
lm_head      tp2,2816,131072,32,float16,1024,64x128,14474.722,2,2
lm_head      tp2,2816,131072,32,float16,1024,prefill_wmma_ashuffle,14916.458,2,2
lm_head      tp2,2816,131072,32,float16,1024,112x128,14963.729,2,2
lm_head      tp2,2816,131072,32,float16,1024,96x128,15050.950,2,2
lm_head      tp2,2816,131072,32,float16,1024,512x64,15572.798,2,2
lm_head      tp2,2816,131072,32,float16,1024,128x32,15730.470,2,2
lm_head      tp2,2816,131072,32,float16,1024,256x32,16185.467,2,2
lm_head      tp2,2816,131072,32,float16,1024,64x32,16968.836,2,2
lm_head      tp2,2816,131072,32,float16,1024,80x128,17128.887,2,2
lm_head      tp2,2816,131072,32,float16,1024,32x64,20051.010,2,2
lm_head      tp2,2816,131072,32,float16,1024,32x128,21807.835,2,2
lm_head      tp2,2816,131072,32,float16,1024,32x32,22319.971,2,2
lm_head      tp2,2816,131072,32,float16,1024,256x256,23542.538,2,2
lm_head      tp2,2816,131072,32,float16,1024,128x256,25630.838,2,2
lm_head      tp2,2816,131072,32,float16,1024,256x192,32765.568,2,2
lm_head      tp2,2816,131072,32,float16,1024,prefill_wmma,35808.540,2,2
lm_head      tp2,2816,131072,32,float16,1024,prefill_wmma:smallm_off,35815.071,2,2
lm_head      tp2,2816,131072,32,float16,1024,16x64,39264.088,2,2
lm_head      tp2,2816,131072,32,float16,1024,16x128,84765.297,2,2
lm_head      tp2,2816,131072,32,float16,2048,512x128,19576.183,2,2
lm_head      tp2,2816,131072,32,float16,2048,256x128,19609.804,2,2
lm_head      tp2,2816,131072,32,float16,2048,128x128,22614.025,2,2
lm_head      tp2,2816,131072,32,float16,2048,384x128,24206.009,2,2
lm_head      tp2,2816,131072,32,float16,2048,128x64,25389.915,2,2
lm_head      tp2,2816,131072,32,float16,2048,256x64,25449.766,2,2
lm_head      tp2,2816,131072,32,float16,2048,192x128,26394.350,2,2
lm_head      tp2,2816,131072,32,float16,2048,112x128,28211.933,2,2
lm_head      tp2,2816,131072,32,float16,2048,64x128,28838.804,2,2
lm_head      tp2,2816,131072,32,float16,2048,96x128,29695.517,2,2
lm_head      tp2,2816,131072,32,float16,2048,64x64,29972.401,2,2
lm_head      tp2,2816,131072,32,float16,2048,prefill_wmma_ashuffle,30550.396,2,2
lm_head      tp2,2816,131072,32,float16,2048,80x128,33389.656,2,2
lm_head      tp2,2816,131072,32,float16,2048,512x64,33444.679,2,2
lm_head      tp2,2816,131072,32,float16,2048,32x64,40421.417,2,2
lm_head      tp2,2816,131072,32,float16,2048,128x32,40773.911,2,2
lm_head      tp2,2816,131072,32,float16,2048,64x32,41669.765,2,2
lm_head      tp2,2816,131072,32,float16,2048,32x128,43280.376,2,2
lm_head      tp2,2816,131072,32,float16,2048,256x32,45525.738,2,2
lm_head      tp2,2816,131072,32,float16,2048,256x256,47387.424,2,2
lm_head      tp2,2816,131072,32,float16,2048,32x32,50708.698,2,2
lm_head      tp2,2816,131072,32,float16,2048,128x256,51228.809,2,2
lm_head      tp2,2816,131072,32,float16,2048,256x192,52823.078,2,2
lm_head      tp2,2816,131072,32,float16,2048,prefill_wmma,71015.121,2,2
lm_head      tp2,2816,131072,32,float16,2048,prefill_wmma:smallm_off,71042.152,2,2
lm_head      tp2,2816,131072,32,float16,2048,16x64,77270.607,2,2
lm_head      tp2,2816,131072,32,float16,2048,16x128,111768.219,2,2
