name,K,N,g,dtype,M,cand,arm,us,reps,R
g4.q_proj    tp2,2816,2048,32,float16,17,tiled@256x128,wmma_tiled_tuned,101.872,3,53
g4.q_proj    tp2,2816,2048,32,float16,17,tiled@384x128,wmma_tiled_tuned,113.457,3,53
g4.q_proj    tp2,2816,2048,32,float16,17,tiled@128x128,wmma_tiled_tuned,116.004,3,53
g4.q_proj    tp2,2816,2048,32,float16,17,ash@384x128,prefill_wmma_ashuffle,118.403,3,53
g4.q_proj    tp2,2816,2048,32,float16,17,ash@256x128,prefill_wmma_ashuffle,121.930,3,53
g4.q_proj    tp2,2816,2048,32,float16,17,tiled@512x128,wmma_tiled_tuned,127.040,2,53
g4.q_proj    tp2,2816,2048,32,float16,17,ash@512x128,prefill_wmma_ashuffle,128.349,2,53
g4.q_proj    tp2,2816,2048,32,float16,17,prefill,prefill_wmma,146.530,2,53
g4.q_proj    tp2,2816,2048,32,float16,17,ash@128x128,prefill_wmma_ashuffle,160.464,2,53
g4.q_proj    tp2,2816,2048,32,float16,17,prefill:smallm_off,prefill_wmma,170.979,2,53
g4.q_proj    tp2,2816,2048,32,float16,17,ash@256x256,prefill_wmma_ashuffle,182.436,2,53
g4.q_proj    tp2,2816,2048,32,float16,17,tiled@64x128,wmma_tiled_tuned,183.190,2,53
g4.q_proj    tp2,2816,2048,32,float16,17,ash@64x128,prefill_wmma_ashuffle,319.992,2,53
g4.q_proj    tp2,2816,2048,32,float16,17,tiled@256x256,wmma_tiled_tuned,505.453,2,53
g4.q_proj    tp2,2816,2048,32,float16,17,tiled@32x128,wmma_tiled_tuned,519.188,2,53
g4.q_proj    tp2,2816,2048,32,float16,17,ash@32x128,prefill_wmma_ashuffle,581.239,2,53
g4.q_proj    tp2,2816,2048,32,float16,17,tiled@16x128,wmma_tiled_tuned,714.682,2,53
g4.q_proj    tp2,2816,2048,32,float16,17,ash@16x128,prefill_wmma_ashuffle,746.773,2,53
g4.q_proj    tp2,2816,2048,32,float16,24,tiled@256x128,wmma_tiled_tuned,97.678,3,53
g4.q_proj    tp2,2816,2048,32,float16,24,tiled@384x128,wmma_tiled_tuned,108.816,3,53
g4.q_proj    tp2,2816,2048,32,float16,24,tiled@128x128,wmma_tiled_tuned,111.751,3,53
g4.q_proj    tp2,2816,2048,32,float16,24,ash@384x128,prefill_wmma_ashuffle,116.451,3,53
g4.q_proj    tp2,2816,2048,32,float16,24,ash@256x128,prefill_wmma_ashuffle,119.437,3,53
g4.q_proj    tp2,2816,2048,32,float16,24,tiled@512x128,wmma_tiled_tuned,121.582,3,53
g4.q_proj    tp2,2816,2048,32,float16,24,ash@512x128,prefill_wmma_ashuffle,125.970,2,53
g4.q_proj    tp2,2816,2048,32,float16,24,prefill,prefill_wmma,129.363,2,53
g4.q_proj    tp2,2816,2048,32,float16,24,ash@128x128,prefill_wmma_ashuffle,156.783,2,53
g4.q_proj    tp2,2816,2048,32,float16,24,prefill:smallm_off,prefill_wmma,164.412,2,53
g4.q_proj    tp2,2816,2048,32,float16,24,ash@256x256,prefill_wmma_ashuffle,177.804,2,53
g4.q_proj    tp2,2816,2048,32,float16,24,tiled@64x128,wmma_tiled_tuned,178.278,2,53
g4.q_proj    tp2,2816,2048,32,float16,24,ash@64x128,prefill_wmma_ashuffle,309.482,2,53
g4.q_proj    tp2,2816,2048,32,float16,24,tiled@32x128,wmma_tiled_tuned,473.770,2,53
g4.q_proj    tp2,2816,2048,32,float16,24,tiled@256x256,wmma_tiled_tuned,504.282,2,53
g4.q_proj    tp2,2816,2048,32,float16,24,ash@32x128,prefill_wmma_ashuffle,639.730,2,53
g4.q_proj    tp2,2816,2048,32,float16,24,tiled@16x128,wmma_tiled_tuned,685.765,2,53
g4.q_proj    tp2,2816,2048,32,float16,24,ash@16x128,prefill_wmma_ashuffle,797.894,2,53
g4.q_proj    tp2,2816,2048,32,float16,32,tiled@256x128,wmma_tiled_tuned,97.223,3,53
g4.q_proj    tp2,2816,2048,32,float16,32,tiled@384x128,wmma_tiled_tuned,108.638,3,53
g4.q_proj    tp2,2816,2048,32,float16,32,tiled@128x128,wmma_tiled_tuned,111.197,3,53
g4.q_proj    tp2,2816,2048,32,float16,32,ash@256x128,prefill_wmma_ashuffle,120.149,3,53
g4.q_proj    tp2,2816,2048,32,float16,32,tiled@512x128,wmma_tiled_tuned,121.471,3,53
g4.q_proj    tp2,2816,2048,32,float16,32,ash@384x128,prefill_wmma_ashuffle,123.708,3,53
g4.q_proj    tp2,2816,2048,32,float16,32,ash@512x128,prefill_wmma_ashuffle,126.206,2,53
g4.q_proj    tp2,2816,2048,32,float16,32,prefill,prefill_wmma,135.089,2,53
g4.q_proj    tp2,2816,2048,32,float16,32,prefill:smallm_off,prefill_wmma,161.849,2,53
g4.q_proj    tp2,2816,2048,32,float16,32,ash@128x128,prefill_wmma_ashuffle,165.549,2,53
g4.q_proj    tp2,2816,2048,32,float16,32,ash@256x256,prefill_wmma_ashuffle,178.136,2,53
g4.q_proj    tp2,2816,2048,32,float16,32,tiled@64x128,wmma_tiled_tuned,178.562,2,53
g4.q_proj    tp2,2816,2048,32,float16,32,ash@64x128,prefill_wmma_ashuffle,346.094,2,53
g4.q_proj    tp2,2816,2048,32,float16,32,tiled@32x128,wmma_tiled_tuned,485.885,2,53
g4.q_proj    tp2,2816,2048,32,float16,32,tiled@256x256,wmma_tiled_tuned,507.236,2,53
g4.q_proj    tp2,2816,2048,32,float16,32,ash@32x128,prefill_wmma_ashuffle,632.573,2,53
g4.q_proj    tp2,2816,2048,32,float16,32,tiled@16x128,wmma_tiled_tuned,686.737,2,53
g4.q_proj    tp2,2816,2048,32,float16,32,ash@16x128,prefill_wmma_ashuffle,911.213,2,53
g4.q_proj    tp2,2816,2048,32,float16,48,tiled@256x128,wmma_tiled_tuned,97.332,3,53
g4.q_proj    tp2,2816,2048,32,float16,48,tiled@384x128,wmma_tiled_tuned,108.792,3,53
g4.q_proj    tp2,2816,2048,32,float16,48,tiled@128x128,wmma_tiled_tuned,117.827,3,53
g4.q_proj    tp2,2816,2048,32,float16,48,tiled@512x128,wmma_tiled_tuned,121.789,3,53
g4.q_proj    tp2,2816,2048,32,float16,48,ash@384x128,prefill_wmma_ashuffle,124.009,3,53
g4.q_proj    tp2,2816,2048,32,float16,48,ash@256x128,prefill_wmma_ashuffle,127.574,2,53
g4.q_proj    tp2,2816,2048,32,float16,48,ash@512x128,prefill_wmma_ashuffle,133.112,2,53
g4.q_proj    tp2,2816,2048,32,float16,48,prefill,prefill_wmma,156.196,2,53
g4.q_proj    tp2,2816,2048,32,float16,48,prefill:smallm_off,prefill_wmma,169.331,2,53
g4.q_proj    tp2,2816,2048,32,float16,48,ash@128x128,prefill_wmma_ashuffle,178.471,2,53
g4.q_proj    tp2,2816,2048,32,float16,48,ash@256x256,prefill_wmma_ashuffle,184.493,2,53
g4.q_proj    tp2,2816,2048,32,float16,48,tiled@64x128,wmma_tiled_tuned,185.601,2,53
g4.q_proj    tp2,2816,2048,32,float16,48,ash@64x128,prefill_wmma_ashuffle,377.740,2,53
g4.q_proj    tp2,2816,2048,32,float16,48,ash@32x128,prefill_wmma_ashuffle,506.753,2,53
g4.q_proj    tp2,2816,2048,32,float16,48,tiled@32x128,wmma_tiled_tuned,543.817,2,53
g4.q_proj    tp2,2816,2048,32,float16,48,tiled@256x256,wmma_tiled_tuned,553.337,2,53
g4.q_proj    tp2,2816,2048,32,float16,48,tiled@16x128,wmma_tiled_tuned,713.828,2,53
g4.q_proj    tp2,2816,2048,32,float16,48,ash@16x128,prefill_wmma_ashuffle,890.959,2,53
g4.q_proj    tp2,2816,2048,32,float16,63,tiled@256x128,wmma_tiled_tuned,97.522,3,53
g4.q_proj    tp2,2816,2048,32,float16,63,tiled@384x128,wmma_tiled_tuned,108.734,3,53
g4.q_proj    tp2,2816,2048,32,float16,63,tiled@128x128,wmma_tiled_tuned,118.574,3,53
g4.q_proj    tp2,2816,2048,32,float16,63,tiled@512x128,wmma_tiled_tuned,121.618,3,53
g4.q_proj    tp2,2816,2048,32,float16,63,ash@384x128,prefill_wmma_ashuffle,131.190,2,53
g4.q_proj    tp2,2816,2048,32,float16,63,ash@512x128,prefill_wmma_ashuffle,133.616,2,53
g4.q_proj    tp2,2816,2048,32,float16,63,ash@256x128,prefill_wmma_ashuffle,134.795,2,53
g4.q_proj    tp2,2816,2048,32,float16,63,prefill,prefill_wmma,170.970,2,53
g4.q_proj    tp2,2816,2048,32,float16,63,prefill:smallm_off,prefill_wmma,176.729,2,53
g4.q_proj    tp2,2816,2048,32,float16,63,ash@256x256,prefill_wmma_ashuffle,190.288,2,53
g4.q_proj    tp2,2816,2048,32,float16,63,ash@128x128,prefill_wmma_ashuffle,194.021,2,53
g4.q_proj    tp2,2816,2048,32,float16,63,tiled@64x128,wmma_tiled_tuned,310.141,2,53
g4.q_proj    tp2,2816,2048,32,float16,63,ash@64x128,prefill_wmma_ashuffle,405.845,2,53
g4.q_proj    tp2,2816,2048,32,float16,63,tiled@32x128,wmma_tiled_tuned,550.799,2,53
g4.q_proj    tp2,2816,2048,32,float16,63,tiled@256x256,wmma_tiled_tuned,564.506,2,53
g4.q_proj    tp2,2816,2048,32,float16,63,ash@32x128,prefill_wmma_ashuffle,656.669,2,53
g4.q_proj    tp2,2816,2048,32,float16,63,tiled@16x128,wmma_tiled_tuned,726.236,2,53
g4.q_proj    tp2,2816,2048,32,float16,63,ash@16x128,prefill_wmma_ashuffle,881.612,2,53
g4.q_proj    tp2,2816,2048,32,float16,64,tiled@256x128,wmma_tiled_tuned,97.247,3,53
g4.q_proj    tp2,2816,2048,32,float16,64,tiled@384x128,wmma_tiled_tuned,108.725,3,53
g4.q_proj    tp2,2816,2048,32,float16,64,tiled@128x128,wmma_tiled_tuned,118.343,3,53
g4.q_proj    tp2,2816,2048,32,float16,64,tiled@512x128,wmma_tiled_tuned,121.584,3,53
g4.q_proj    tp2,2816,2048,32,float16,64,ash@384x128,prefill_wmma_ashuffle,131.282,2,53
g4.q_proj    tp2,2816,2048,32,float16,64,ash@512x128,prefill_wmma_ashuffle,133.640,2,53
g4.q_proj    tp2,2816,2048,32,float16,64,ash@256x128,prefill_wmma_ashuffle,134.514,2,53
g4.q_proj    tp2,2816,2048,32,float16,64,prefill,prefill_wmma,171.248,2,53
g4.q_proj    tp2,2816,2048,32,float16,64,prefill:smallm_off,prefill_wmma,176.620,2,53
g4.q_proj    tp2,2816,2048,32,float16,64,ash@256x256,prefill_wmma_ashuffle,190.562,2,53
g4.q_proj    tp2,2816,2048,32,float16,64,ash@128x128,prefill_wmma_ashuffle,193.872,2,53
g4.q_proj    tp2,2816,2048,32,float16,64,tiled@64x128,wmma_tiled_tuned,305.533,2,53
g4.q_proj    tp2,2816,2048,32,float16,64,ash@64x128,prefill_wmma_ashuffle,394.329,2,53
g4.q_proj    tp2,2816,2048,32,float16,64,tiled@32x128,wmma_tiled_tuned,557.100,2,53
g4.q_proj    tp2,2816,2048,32,float16,64,tiled@256x256,wmma_tiled_tuned,560.667,2,53
g4.q_proj    tp2,2816,2048,32,float16,64,ash@32x128,prefill_wmma_ashuffle,656.885,2,53
g4.q_proj    tp2,2816,2048,32,float16,64,tiled@16x128,wmma_tiled_tuned,712.948,2,53
g4.q_proj    tp2,2816,2048,32,float16,64,ash@16x128,prefill_wmma_ashuffle,896.759,2,53
g4.q_proj    tp2,2816,2048,32,float16,128,tiled@256x128,wmma_tiled_tuned,105.145,3,53
g4.q_proj    tp2,2816,2048,32,float16,128,tiled@384x128,wmma_tiled_tuned,115.830,3,53
g4.q_proj    tp2,2816,2048,32,float16,128,tiled@512x128,wmma_tiled_tuned,121.691,3,53
g4.q_proj    tp2,2816,2048,32,float16,128,tiled@128x128,wmma_tiled_tuned,134.372,2,53
g4.q_proj    tp2,2816,2048,32,float16,128,ash@512x128,prefill_wmma_ashuffle,147.624,2,53
g4.q_proj    tp2,2816,2048,32,float16,128,ash@384x128,prefill_wmma_ashuffle,152.953,2,53
g4.q_proj    tp2,2816,2048,32,float16,128,ash@256x128,prefill_wmma_ashuffle,163.254,2,53
g4.q_proj    tp2,2816,2048,32,float16,128,prefill,prefill_wmma,211.136,2,53
g4.q_proj    tp2,2816,2048,32,float16,128,prefill:smallm_off,prefill_wmma,214.937,2,53
g4.q_proj    tp2,2816,2048,32,float16,128,ash@256x256,prefill_wmma_ashuffle,222.020,2,53
g4.q_proj    tp2,2816,2048,32,float16,128,ash@128x128,prefill_wmma_ashuffle,250.923,2,53
g4.q_proj    tp2,2816,2048,32,float16,128,tiled@64x128,wmma_tiled_tuned,273.149,2,53
g4.q_proj    tp2,2816,2048,32,float16,128,ash@64x128,prefill_wmma_ashuffle,421.441,2,53
g4.q_proj    tp2,2816,2048,32,float16,128,tiled@256x256,wmma_tiled_tuned,590.526,2,53
g4.q_proj    tp2,2816,2048,32,float16,128,tiled@32x128,wmma_tiled_tuned,590.966,2,53
g4.q_proj    tp2,2816,2048,32,float16,128,ash@32x128,prefill_wmma_ashuffle,626.367,2,53
g4.q_proj    tp2,2816,2048,32,float16,128,tiled@16x128,wmma_tiled_tuned,731.688,2,53
g4.q_proj    tp2,2816,2048,32,float16,128,ash@16x128,prefill_wmma_ashuffle,936.318,2,53
g4.q_proj    tp2,2816,2048,32,float16,256,tiled@256x128,wmma_tiled_tuned,128.198,2,53
g4.q_proj    tp2,2816,2048,32,float16,256,tiled@384x128,wmma_tiled_tuned,131.882,2,53
g4.q_proj    tp2,2816,2048,32,float16,256,tiled@512x128,wmma_tiled_tuned,137.633,2,53
g4.q_proj    tp2,2816,2048,32,float16,256,tiled@128x128,wmma_tiled_tuned,141.242,2,53
g4.q_proj    tp2,2816,2048,32,float16,256,ash@512x128,prefill_wmma_ashuffle,184.084,2,53
g4.q_proj    tp2,2816,2048,32,float16,256,ash@384x128,prefill_wmma_ashuffle,195.986,2,53
g4.q_proj    tp2,2816,2048,32,float16,256,ash@256x128,prefill_wmma_ashuffle,226.995,2,53
g4.q_proj    tp2,2816,2048,32,float16,256,ash@128x128,prefill_wmma_ashuffle,250.447,2,53
g4.q_proj    tp2,2816,2048,32,float16,256,prefill:smallm_off,prefill_wmma,373.599,2,53
g4.q_proj    tp2,2816,2048,32,float16,256,prefill,prefill_wmma,394.493,2,53
g4.q_proj    tp2,2816,2048,32,float16,256,ash@64x128,prefill_wmma_ashuffle,464.992,2,53
g4.q_proj    tp2,2816,2048,32,float16,256,tiled@64x128,wmma_tiled_tuned,471.156,2,53
g4.q_proj    tp2,2816,2048,32,float16,256,ash@256x256,prefill_wmma_ashuffle,473.074,2,53
g4.q_proj    tp2,2816,2048,32,float16,256,tiled@32x128,wmma_tiled_tuned,552.526,2,53
g4.q_proj    tp2,2816,2048,32,float16,256,tiled@256x256,wmma_tiled_tuned,630.396,2,53
g4.q_proj    tp2,2816,2048,32,float16,256,ash@32x128,prefill_wmma_ashuffle,662.844,2,53
g4.q_proj    tp2,2816,2048,32,float16,256,tiled@16x128,wmma_tiled_tuned,815.767,2,53
g4.q_proj    tp2,2816,2048,32,float16,256,ash@16x128,prefill_wmma_ashuffle,900.427,2,53
g4.q_proj    tp2,2816,2048,32,float16,512,tiled@256x128,wmma_tiled_tuned,133.089,2,53
g4.q_proj    tp2,2816,2048,32,float16,512,tiled@384x128,wmma_tiled_tuned,142.071,2,53
g4.q_proj    tp2,2816,2048,32,float16,512,tiled@128x128,wmma_tiled_tuned,152.126,2,53
g4.q_proj    tp2,2816,2048,32,float16,512,tiled@512x128,wmma_tiled_tuned,158.078,2,53
g4.q_proj    tp2,2816,2048,32,float16,512,ash@384x128,prefill_wmma_ashuffle,203.936,2,53
g4.q_proj    tp2,2816,2048,32,float16,512,ash@256x128,prefill_wmma_ashuffle,225.005,2,53
g4.q_proj    tp2,2816,2048,32,float16,512,ash@512x128,prefill_wmma_ashuffle,238.353,2,53
g4.q_proj    tp2,2816,2048,32,float16,512,ash@128x128,prefill_wmma_ashuffle,252.567,2,53
g4.q_proj    tp2,2816,2048,32,float16,512,prefill,prefill_wmma,296.959,2,53
g4.q_proj    tp2,2816,2048,32,float16,512,prefill:smallm_off,prefill_wmma,302.221,2,53
g4.q_proj    tp2,2816,2048,32,float16,512,tiled@256x256,wmma_tiled_tuned,393.914,2,53
g4.q_proj    tp2,2816,2048,32,float16,512,ash@256x256,prefill_wmma_ashuffle,437.029,2,53
g4.q_proj    tp2,2816,2048,32,float16,512,ash@64x128,prefill_wmma_ashuffle,459.402,2,53
g4.q_proj    tp2,2816,2048,32,float16,512,tiled@64x128,wmma_tiled_tuned,494.728,2,53
g4.q_proj    tp2,2816,2048,32,float16,512,tiled@32x128,wmma_tiled_tuned,570.938,2,53
g4.q_proj    tp2,2816,2048,32,float16,512,ash@32x128,prefill_wmma_ashuffle,608.609,2,53
g4.q_proj    tp2,2816,2048,32,float16,512,tiled@16x128,wmma_tiled_tuned,757.159,2,53
g4.q_proj    tp2,2816,2048,32,float16,512,ash@16x128,prefill_wmma_ashuffle,1920.976,2,53
g4.q_proj    tp2,2816,2048,32,float16,2048,tiled@256x128,wmma_tiled_tuned,334.031,2,53
g4.q_proj    tp2,2816,2048,32,float16,2048,tiled@512x128,wmma_tiled_tuned,336.438,2,53
g4.q_proj    tp2,2816,2048,32,float16,2048,tiled@128x128,wmma_tiled_tuned,389.529,2,53
g4.q_proj    tp2,2816,2048,32,float16,2048,tiled@384x128,wmma_tiled_tuned,416.462,2,53
g4.q_proj    tp2,2816,2048,32,float16,2048,ash@512x128,prefill_wmma_ashuffle,470.356,2,53
g4.q_proj    tp2,2816,2048,32,float16,2048,ash@256x128,prefill_wmma_ashuffle,512.193,2,53
g4.q_proj    tp2,2816,2048,32,float16,2048,ash@256x256,prefill_wmma_ashuffle,551.900,2,53
g4.q_proj    tp2,2816,2048,32,float16,2048,ash@128x128,prefill_wmma_ashuffle,592.134,2,53
g4.q_proj    tp2,2816,2048,32,float16,2048,ash@384x128,prefill_wmma_ashuffle,615.294,2,53
g4.q_proj    tp2,2816,2048,32,float16,2048,ash@64x128,prefill_wmma_ashuffle,704.649,2,53
g4.q_proj    tp2,2816,2048,32,float16,2048,tiled@256x256,wmma_tiled_tuned,749.548,2,53
g4.q_proj    tp2,2816,2048,32,float16,2048,tiled@64x128,wmma_tiled_tuned,1042.177,2,53
g4.q_proj    tp2,2816,2048,32,float16,2048,prefill,prefill_wmma,1222.029,2,53
g4.q_proj    tp2,2816,2048,32,float16,2048,prefill:smallm_off,prefill_wmma,1227.670,2,53
g4.q_proj    tp2,2816,2048,32,float16,2048,tiled@32x128,wmma_tiled_tuned,1422.563,2,53
g4.q_proj    tp2,2816,2048,32,float16,2048,ash@32x128,prefill_wmma_ashuffle,1696.272,2,53
g4.q_proj    tp2,2816,2048,32,float16,2048,tiled@16x128,wmma_tiled_tuned,3090.754,2,53
g4.q_proj    tp2,2816,2048,32,float16,2048,ash@16x128,prefill_wmma_ashuffle,7126.691,2,53
g4.gate_up   tp1,2816,4224,32,float16,17,tiled@128x128,wmma_tiled_tuned,131.434,5,27
g4.gate_up   tp1,2816,4224,32,float16,17,prefill,prefill_wmma,140.150,5,27
g4.gate_up   tp1,2816,4224,32,float16,17,ash@256x128,prefill_wmma_ashuffle,143.680,5,27
g4.gate_up   tp1,2816,4224,32,float16,17,tiled@256x128,wmma_tiled_tuned,144.239,5,27
g4.gate_up   tp1,2816,4224,32,float16,17,tiled@64x128,wmma_tiled_tuned,160.597,4,27
g4.gate_up   tp1,2816,4224,32,float16,17,ash@128x128,prefill_wmma_ashuffle,165.835,4,27
g4.gate_up   tp1,2816,4224,32,float16,17,ash@256x256,prefill_wmma_ashuffle,179.216,4,27
g4.gate_up   tp1,2816,4224,32,float16,17,ash@384x128,prefill_wmma_ashuffle,213.109,3,27
g4.gate_up   tp1,2816,4224,32,float16,17,ash@512x128,prefill_wmma_ashuffle,230.243,3,27
g4.gate_up   tp1,2816,4224,32,float16,17,ash@64x128,prefill_wmma_ashuffle,232.587,3,27
g4.gate_up   tp1,2816,4224,32,float16,17,tiled@384x128,wmma_tiled_tuned,233.542,3,27
g4.gate_up   tp1,2816,4224,32,float16,17,tiled@512x128,wmma_tiled_tuned,261.705,2,27
g4.gate_up   tp1,2816,4224,32,float16,17,tiled@256x256,wmma_tiled_tuned,313.073,2,27
g4.gate_up   tp1,2816,4224,32,float16,17,prefill:smallm_off,prefill_wmma,316.559,2,27
g4.gate_up   tp1,2816,4224,32,float16,17,tiled@32x128,wmma_tiled_tuned,471.030,2,27
g4.gate_up   tp1,2816,4224,32,float16,17,ash@32x128,prefill_wmma_ashuffle,572.211,2,27
g4.gate_up   tp1,2816,4224,32,float16,17,tiled@16x128,wmma_tiled_tuned,659.068,2,27
g4.gate_up   tp1,2816,4224,32,float16,17,ash@16x128,prefill_wmma_ashuffle,723.617,2,27
g4.gate_up   tp1,2816,4224,32,float16,24,tiled@128x128,wmma_tiled_tuned,130.606,5,27
g4.gate_up   tp1,2816,4224,32,float16,24,prefill,prefill_wmma,138.684,5,27
g4.gate_up   tp1,2816,4224,32,float16,24,tiled@256x128,wmma_tiled_tuned,140.122,5,27
g4.gate_up   tp1,2816,4224,32,float16,24,ash@256x128,prefill_wmma_ashuffle,142.718,5,27
g4.gate_up   tp1,2816,4224,32,float16,24,tiled@64x128,wmma_tiled_tuned,158.569,4,27
g4.gate_up   tp1,2816,4224,32,float16,24,ash@128x128,prefill_wmma_ashuffle,166.415,4,27
g4.gate_up   tp1,2816,4224,32,float16,24,ash@256x256,prefill_wmma_ashuffle,177.656,4,27
g4.gate_up   tp1,2816,4224,32,float16,24,ash@384x128,prefill_wmma_ashuffle,210.305,3,27
g4.gate_up   tp1,2816,4224,32,float16,24,tiled@384x128,wmma_tiled_tuned,229.500,3,27
g4.gate_up   tp1,2816,4224,32,float16,24,ash@512x128,prefill_wmma_ashuffle,230.481,3,27
g4.gate_up   tp1,2816,4224,32,float16,24,ash@64x128,prefill_wmma_ashuffle,237.541,3,27
g4.gate_up   tp1,2816,4224,32,float16,24,tiled@512x128,wmma_tiled_tuned,257.165,2,27
g4.gate_up   tp1,2816,4224,32,float16,24,tiled@256x256,wmma_tiled_tuned,307.509,2,27
g4.gate_up   tp1,2816,4224,32,float16,24,prefill:smallm_off,prefill_wmma,311.785,2,27
g4.gate_up   tp1,2816,4224,32,float16,24,tiled@32x128,wmma_tiled_tuned,467.766,2,27
g4.gate_up   tp1,2816,4224,32,float16,24,ash@32x128,prefill_wmma_ashuffle,596.071,2,27
g4.gate_up   tp1,2816,4224,32,float16,24,tiled@16x128,wmma_tiled_tuned,666.540,2,27
g4.gate_up   tp1,2816,4224,32,float16,24,ash@16x128,prefill_wmma_ashuffle,779.871,2,27
g4.gate_up   tp1,2816,4224,32,float16,32,tiled@128x128,wmma_tiled_tuned,125.927,5,27
g4.gate_up   tp1,2816,4224,32,float16,32,tiled@256x128,wmma_tiled_tuned,142.443,5,27
g4.gate_up   tp1,2816,4224,32,float16,32,ash@256x128,prefill_wmma_ashuffle,142.771,5,27
g4.gate_up   tp1,2816,4224,32,float16,32,prefill,prefill_wmma,145.742,5,27
g4.gate_up   tp1,2816,4224,32,float16,32,tiled@64x128,wmma_tiled_tuned,161.299,4,27
g4.gate_up   tp1,2816,4224,32,float16,32,ash@128x128,prefill_wmma_ashuffle,174.106,4,27
g4.gate_up   tp1,2816,4224,32,float16,32,ash@256x256,prefill_wmma_ashuffle,177.382,4,27
g4.gate_up   tp1,2816,4224,32,float16,32,ash@384x128,prefill_wmma_ashuffle,223.162,3,27
g4.gate_up   tp1,2816,4224,32,float16,32,ash@512x128,prefill_wmma_ashuffle,229.398,3,27
g4.gate_up   tp1,2816,4224,32,float16,32,tiled@384x128,wmma_tiled_tuned,229.659,3,27
g4.gate_up   tp1,2816,4224,32,float16,32,ash@64x128,prefill_wmma_ashuffle,251.594,2,27
g4.gate_up   tp1,2816,4224,32,float16,32,tiled@512x128,wmma_tiled_tuned,257.854,2,27
g4.gate_up   tp1,2816,4224,32,float16,32,tiled@256x256,wmma_tiled_tuned,306.712,2,27
g4.gate_up   tp1,2816,4224,32,float16,32,prefill:smallm_off,prefill_wmma,310.357,2,27
g4.gate_up   tp1,2816,4224,32,float16,32,tiled@32x128,wmma_tiled_tuned,474.530,2,27
g4.gate_up   tp1,2816,4224,32,float16,32,ash@32x128,prefill_wmma_ashuffle,620.082,2,27
g4.gate_up   tp1,2816,4224,32,float16,32,tiled@16x128,wmma_tiled_tuned,667.547,2,27
g4.gate_up   tp1,2816,4224,32,float16,32,ash@16x128,prefill_wmma_ashuffle,865.212,2,27
g4.gate_up   tp1,2816,4224,32,float16,48,tiled@128x128,wmma_tiled_tuned,121.715,6,27
g4.gate_up   tp1,2816,4224,32,float16,48,tiled@256x128,wmma_tiled_tuned,136.820,5,27
g4.gate_up   tp1,2816,4224,32,float16,48,ash@256x128,prefill_wmma_ashuffle,150.464,4,27
g4.gate_up   tp1,2816,4224,32,float16,48,tiled@64x128,wmma_tiled_tuned,164.607,4,27
g4.gate_up   tp1,2816,4224,32,float16,48,prefill,prefill_wmma,167.192,4,27
g4.gate_up   tp1,2816,4224,32,float16,48,ash@256x256,prefill_wmma_ashuffle,183.898,4,27
g4.gate_up   tp1,2816,4224,32,float16,48,ash@128x128,prefill_wmma_ashuffle,188.357,3,27
g4.gate_up   tp1,2816,4224,32,float16,48,ash@384x128,prefill_wmma_ashuffle,222.974,3,27
g4.gate_up   tp1,2816,4224,32,float16,48,tiled@384x128,wmma_tiled_tuned,230.107,3,27
g4.gate_up   tp1,2816,4224,32,float16,48,ash@512x128,prefill_wmma_ashuffle,238.205,3,27
g4.gate_up   tp1,2816,4224,32,float16,48,tiled@512x128,wmma_tiled_tuned,257.869,2,27
g4.gate_up   tp1,2816,4224,32,float16,48,ash@64x128,prefill_wmma_ashuffle,279.920,2,27
g4.gate_up   tp1,2816,4224,32,float16,48,tiled@256x256,wmma_tiled_tuned,308.920,2,27
g4.gate_up   tp1,2816,4224,32,float16,48,prefill:smallm_off,prefill_wmma,322.520,2,27
g4.gate_up   tp1,2816,4224,32,float16,48,tiled@32x128,wmma_tiled_tuned,449.412,2,27
g4.gate_up   tp1,2816,4224,32,float16,48,ash@32x128,prefill_wmma_ashuffle,514.168,2,27
g4.gate_up   tp1,2816,4224,32,float16,48,tiled@16x128,wmma_tiled_tuned,664.329,2,27
g4.gate_up   tp1,2816,4224,32,float16,48,ash@16x128,prefill_wmma_ashuffle,873.526,2,27
g4.gate_up   tp1,2816,4224,32,float16,63,tiled@128x128,wmma_tiled_tuned,123.431,5,27
g4.gate_up   tp1,2816,4224,32,float16,63,tiled@256x128,wmma_tiled_tuned,134.793,5,27
g4.gate_up   tp1,2816,4224,32,float16,63,ash@256x128,prefill_wmma_ashuffle,153.513,4,27
g4.gate_up   tp1,2816,4224,32,float16,63,tiled@64x128,wmma_tiled_tuned,175.289,4,27
g4.gate_up   tp1,2816,4224,32,float16,63,prefill,prefill_wmma,181.460,4,27
g4.gate_up   tp1,2816,4224,32,float16,63,ash@256x256,prefill_wmma_ashuffle,190.008,3,27
g4.gate_up   tp1,2816,4224,32,float16,63,ash@128x128,prefill_wmma_ashuffle,202.033,3,27
g4.gate_up   tp1,2816,4224,32,float16,63,ash@384x128,prefill_wmma_ashuffle,228.746,3,27
g4.gate_up   tp1,2816,4224,32,float16,63,tiled@384x128,wmma_tiled_tuned,229.902,3,27
g4.gate_up   tp1,2816,4224,32,float16,63,ash@512x128,prefill_wmma_ashuffle,244.061,3,27
g4.gate_up   tp1,2816,4224,32,float16,63,tiled@512x128,wmma_tiled_tuned,257.561,2,27
g4.gate_up   tp1,2816,4224,32,float16,63,ash@64x128,prefill_wmma_ashuffle,308.056,2,27
g4.gate_up   tp1,2816,4224,32,float16,63,tiled@256x256,wmma_tiled_tuned,310.413,2,27
g4.gate_up   tp1,2816,4224,32,float16,63,prefill:smallm_off,prefill_wmma,339.195,2,27
g4.gate_up   tp1,2816,4224,32,float16,63,tiled@32x128,wmma_tiled_tuned,478.207,2,27
g4.gate_up   tp1,2816,4224,32,float16,63,ash@32x128,prefill_wmma_ashuffle,599.203,2,27
g4.gate_up   tp1,2816,4224,32,float16,63,tiled@16x128,wmma_tiled_tuned,670.360,2,27
g4.gate_up   tp1,2816,4224,32,float16,63,ash@16x128,prefill_wmma_ashuffle,868.380,2,27
g4.gate_up   tp1,2816,4224,32,float16,64,tiled@128x128,wmma_tiled_tuned,122.054,6,27
g4.gate_up   tp1,2816,4224,32,float16,64,tiled@256x128,wmma_tiled_tuned,135.113,5,27
g4.gate_up   tp1,2816,4224,32,float16,64,ash@256x128,prefill_wmma_ashuffle,155.862,4,27
g4.gate_up   tp1,2816,4224,32,float16,64,tiled@64x128,wmma_tiled_tuned,173.529,4,27
g4.gate_up   tp1,2816,4224,32,float16,64,prefill,prefill_wmma,183.845,4,27
g4.gate_up   tp1,2816,4224,32,float16,64,ash@256x256,prefill_wmma_ashuffle,190.515,3,27
g4.gate_up   tp1,2816,4224,32,float16,64,ash@128x128,prefill_wmma_ashuffle,202.618,3,27
g4.gate_up   tp1,2816,4224,32,float16,64,tiled@384x128,wmma_tiled_tuned,229.763,3,27
g4.gate_up   tp1,2816,4224,32,float16,64,ash@384x128,prefill_wmma_ashuffle,231.885,3,27
g4.gate_up   tp1,2816,4224,32,float16,64,ash@512x128,prefill_wmma_ashuffle,238.952,3,27
g4.gate_up   tp1,2816,4224,32,float16,64,tiled@512x128,wmma_tiled_tuned,257.793,2,27
g4.gate_up   tp1,2816,4224,32,float16,64,tiled@256x256,wmma_tiled_tuned,307.832,2,27
g4.gate_up   tp1,2816,4224,32,float16,64,ash@64x128,prefill_wmma_ashuffle,308.319,2,27
g4.gate_up   tp1,2816,4224,32,float16,64,prefill:smallm_off,prefill_wmma,338.769,2,27
g4.gate_up   tp1,2816,4224,32,float16,64,tiled@32x128,wmma_tiled_tuned,481.069,2,27
g4.gate_up   tp1,2816,4224,32,float16,64,ash@32x128,prefill_wmma_ashuffle,616.722,2,27
g4.gate_up   tp1,2816,4224,32,float16,64,tiled@16x128,wmma_tiled_tuned,680.595,2,27
g4.gate_up   tp1,2816,4224,32,float16,64,ash@16x128,prefill_wmma_ashuffle,874.811,2,27
g4.gate_up   tp1,2816,4224,32,float16,128,tiled@256x128,wmma_tiled_tuned,130.555,5,27
g4.gate_up   tp1,2816,4224,32,float16,128,tiled@128x128,wmma_tiled_tuned,135.819,5,27
g4.gate_up   tp1,2816,4224,32,float16,128,ash@256x128,prefill_wmma_ashuffle,166.821,4,27
g4.gate_up   tp1,2816,4224,32,float16,128,tiled@64x128,wmma_tiled_tuned,180.520,3,27
g4.gate_up   tp1,2816,4224,32,float16,128,ash@256x256,prefill_wmma_ashuffle,221.340,3,27
g4.gate_up   tp1,2816,4224,32,float16,128,tiled@384x128,wmma_tiled_tuned,240.360,3,27
g4.gate_up   tp1,2816,4224,32,float16,128,tiled@512x128,wmma_tiled_tuned,254.773,2,27
g4.gate_up   tp1,2816,4224,32,float16,128,ash@128x128,prefill_wmma_ashuffle,262.596,2,27
g4.gate_up   tp1,2816,4224,32,float16,128,ash@512x128,prefill_wmma_ashuffle,284.148,2,27
g4.gate_up   tp1,2816,4224,32,float16,128,ash@384x128,prefill_wmma_ashuffle,297.381,2,27
g4.gate_up   tp1,2816,4224,32,float16,128,tiled@256x256,wmma_tiled_tuned,314.650,2,27
g4.gate_up   tp1,2816,4224,32,float16,128,ash@64x128,prefill_wmma_ashuffle,314.908,2,27
g4.gate_up   tp1,2816,4224,32,float16,128,prefill,prefill_wmma,410.206,2,27
g4.gate_up   tp1,2816,4224,32,float16,128,prefill:smallm_off,prefill_wmma,419.799,2,27
g4.gate_up   tp1,2816,4224,32,float16,128,tiled@32x128,wmma_tiled_tuned,539.207,2,27
g4.gate_up   tp1,2816,4224,32,float16,128,ash@32x128,prefill_wmma_ashuffle,621.324,2,27
g4.gate_up   tp1,2816,4224,32,float16,128,tiled@16x128,wmma_tiled_tuned,714.852,2,27
g4.gate_up   tp1,2816,4224,32,float16,128,ash@16x128,prefill_wmma_ashuffle,878.621,2,27
g4.gate_up   tp1,2816,4224,32,float16,256,tiled@256x128,wmma_tiled_tuned,141.953,5,27
g4.gate_up   tp1,2816,4224,32,float16,256,tiled@128x128,wmma_tiled_tuned,156.755,4,27
g4.gate_up   tp1,2816,4224,32,float16,256,ash@256x128,prefill_wmma_ashuffle,238.254,3,27
g4.gate_up   tp1,2816,4224,32,float16,256,ash@128x128,prefill_wmma_ashuffle,253.842,2,27
g4.gate_up   tp1,2816,4224,32,float16,256,tiled@384x128,wmma_tiled_tuned,265.729,2,27
g4.gate_up   tp1,2816,4224,32,float16,256,tiled@512x128,wmma_tiled_tuned,278.406,2,27
g4.gate_up   tp1,2816,4224,32,float16,256,ash@256x256,prefill_wmma_ashuffle,293.893,2,27
g4.gate_up   tp1,2816,4224,32,float16,256,ash@64x128,prefill_wmma_ashuffle,332.864,2,27
g4.gate_up   tp1,2816,4224,32,float16,256,tiled@256x256,wmma_tiled_tuned,338.866,2,27
g4.gate_up   tp1,2816,4224,32,float16,256,ash@512x128,prefill_wmma_ashuffle,349.781,2,27
g4.gate_up   tp1,2816,4224,32,float16,256,ash@384x128,prefill_wmma_ashuffle,366.737,2,27
g4.gate_up   tp1,2816,4224,32,float16,256,tiled@64x128,wmma_tiled_tuned,436.154,2,27
g4.gate_up   tp1,2816,4224,32,float16,256,tiled@32x128,wmma_tiled_tuned,563.966,2,27
g4.gate_up   tp1,2816,4224,32,float16,256,prefill:smallm_off,prefill_wmma,592.876,2,27
g4.gate_up   tp1,2816,4224,32,float16,256,prefill,prefill_wmma,593.397,2,27
g4.gate_up   tp1,2816,4224,32,float16,256,ash@32x128,prefill_wmma_ashuffle,637.375,2,27
g4.gate_up   tp1,2816,4224,32,float16,256,tiled@16x128,wmma_tiled_tuned,745.535,2,27
g4.gate_up   tp1,2816,4224,32,float16,256,ash@16x128,prefill_wmma_ashuffle,1709.536,2,27
g4.gate_up   tp1,2816,4224,32,float16,512,tiled@256x128,wmma_tiled_tuned,279.711,2,27
g4.gate_up   tp1,2816,4224,32,float16,512,tiled@512x128,wmma_tiled_tuned,293.516,2,27
g4.gate_up   tp1,2816,4224,32,float16,512,tiled@128x128,wmma_tiled_tuned,312.701,2,27
g4.gate_up   tp1,2816,4224,32,float16,512,tiled@384x128,wmma_tiled_tuned,361.291,2,27
g4.gate_up   tp1,2816,4224,32,float16,512,ash@256x128,prefill_wmma_ashuffle,408.713,2,27
g4.gate_up   tp1,2816,4224,32,float16,512,ash@64x128,prefill_wmma_ashuffle,413.886,2,27
g4.gate_up   tp1,2816,4224,32,float16,512,ash@384x128,prefill_wmma_ashuffle,448.380,2,27
g4.gate_up   tp1,2816,4224,32,float16,512,ash@512x128,prefill_wmma_ashuffle,459.519,2,27
g4.gate_up   tp1,2816,4224,32,float16,512,ash@128x128,prefill_wmma_ashuffle,464.113,2,27
g4.gate_up   tp1,2816,4224,32,float16,512,ash@256x256,prefill_wmma_ashuffle,535.640,2,27
g4.gate_up   tp1,2816,4224,32,float16,512,tiled@64x128,wmma_tiled_tuned,799.776,2,27
g4.gate_up   tp1,2816,4224,32,float16,512,prefill:smallm_off,prefill_wmma,824.511,2,27
g4.gate_up   tp1,2816,4224,32,float16,512,prefill,prefill_wmma,828.757,2,27
g4.gate_up   tp1,2816,4224,32,float16,512,tiled@256x256,wmma_tiled_tuned,830.661,2,27
g4.gate_up   tp1,2816,4224,32,float16,512,ash@32x128,prefill_wmma_ashuffle,1173.518,2,27
g4.gate_up   tp1,2816,4224,32,float16,512,tiled@32x128,wmma_tiled_tuned,1332.784,2,27
g4.gate_up   tp1,2816,4224,32,float16,512,tiled@16x128,wmma_tiled_tuned,1702.799,2,27
g4.gate_up   tp1,2816,4224,32,float16,512,ash@16x128,prefill_wmma_ashuffle,3384.035,2,27
g4.gate_up   tp1,2816,4224,32,float16,2048,tiled@256x128,wmma_tiled_tuned,695.474,2,27
g4.gate_up   tp1,2816,4224,32,float16,2048,tiled@512x128,wmma_tiled_tuned,757.406,2,27
g4.gate_up   tp1,2816,4224,32,float16,2048,tiled@128x128,wmma_tiled_tuned,800.425,2,27
g4.gate_up   tp1,2816,4224,32,float16,2048,tiled@384x128,wmma_tiled_tuned,877.243,2,27
g4.gate_up   tp1,2816,4224,32,float16,2048,ash@256x128,prefill_wmma_ashuffle,1127.165,2,27
g4.gate_up   tp1,2816,4224,32,float16,2048,ash@512x128,prefill_wmma_ashuffle,1147.622,2,27
g4.gate_up   tp1,2816,4224,32,float16,2048,ash@128x128,prefill_wmma_ashuffle,1262.325,2,27
g4.gate_up   tp1,2816,4224,32,float16,2048,ash@384x128,prefill_wmma_ashuffle,1276.041,2,27
g4.gate_up   tp1,2816,4224,32,float16,2048,ash@256x256,prefill_wmma_ashuffle,1354.469,2,27
g4.gate_up   tp1,2816,4224,32,float16,2048,ash@64x128,prefill_wmma_ashuffle,1398.143,2,27
g4.gate_up   tp1,2816,4224,32,float16,2048,tiled@64x128,wmma_tiled_tuned,1745.011,2,27
g4.gate_up   tp1,2816,4224,32,float16,2048,tiled@256x256,wmma_tiled_tuned,1893.191,2,27
g4.gate_up   tp1,2816,4224,32,float16,2048,prefill:smallm_off,prefill_wmma,2507.729,2,27
g4.gate_up   tp1,2816,4224,32,float16,2048,prefill,prefill_wmma,2510.545,2,27
g4.gate_up   tp1,2816,4224,32,float16,2048,tiled@32x128,wmma_tiled_tuned,2523.765,2,27
g4.gate_up   tp1,2816,4224,32,float16,2048,ash@32x128,prefill_wmma_ashuffle,2956.275,2,27
g4.gate_up   tp1,2816,4224,32,float16,2048,tiled@16x128,wmma_tiled_tuned,6167.525,2,27
g4.gate_up   tp1,2816,4224,32,float16,2048,ash@16x128,prefill_wmma_ashuffle,13290.952,2,27
q27.q_proj   tp1,5120,6144,32,bfloat16,17,ash@256x128,prefill_wmma_ashuffle,235.865,7,11
q27.q_proj   tp1,5120,6144,32,bfloat16,17,prefill,prefill_wmma,247.962,7,11
q27.q_proj   tp1,5120,6144,32,bfloat16,17,tiled@128x128,wmma_tiled_tuned,251.995,7,11
q27.q_proj   tp1,5120,6144,32,bfloat16,17,tiled@256x128,wmma_tiled_tuned,279.298,6,11
q27.q_proj   tp1,5120,6144,32,bfloat16,17,ash@128x128,prefill_wmma_ashuffle,298.138,6,11
q27.q_proj   tp1,5120,6144,32,bfloat16,17,ash@256x256,prefill_wmma_ashuffle,298.207,6,11
q27.q_proj   tp1,5120,6144,32,bfloat16,17,tiled@64x128,wmma_tiled_tuned,354.877,5,11
q27.q_proj   tp1,5120,6144,32,bfloat16,17,tiled@384x128,wmma_tiled_tuned,397.833,4,11
q27.q_proj   tp1,5120,6144,32,bfloat16,17,ash@64x128,prefill_wmma_ashuffle,427.612,4,11
q27.q_proj   tp1,5120,6144,32,bfloat16,17,tiled@512x128,wmma_tiled_tuned,442.840,4,11
q27.q_proj   tp1,5120,6144,32,bfloat16,17,ash@384x128,prefill_wmma_ashuffle,498.436,3,11
q27.q_proj   tp1,5120,6144,32,bfloat16,17,ash@512x128,prefill_wmma_ashuffle,551.936,3,11
q27.q_proj   tp1,5120,6144,32,bfloat16,17,tiled@32x128,wmma_tiled_tuned,585.642,3,11
q27.q_proj   tp1,5120,6144,32,bfloat16,17,tiled@256x256,wmma_tiled_tuned,595.048,3,11
q27.q_proj   tp1,5120,6144,32,bfloat16,17,prefill:smallm_off,prefill_wmma,716.337,2,11
q27.q_proj   tp1,5120,6144,32,bfloat16,17,ash@32x128,prefill_wmma_ashuffle,779.896,2,11
q27.q_proj   tp1,5120,6144,32,bfloat16,17,tiled@16x128,wmma_tiled_tuned,993.046,2,11
q27.q_proj   tp1,5120,6144,32,bfloat16,17,ash@16x128,prefill_wmma_ashuffle,1368.069,2,11
q27.q_proj   tp1,5120,6144,32,bfloat16,24,ash@256x128,prefill_wmma_ashuffle,238.278,7,11
q27.q_proj   tp1,5120,6144,32,bfloat16,24,prefill,prefill_wmma,245.657,7,11
q27.q_proj   tp1,5120,6144,32,bfloat16,24,tiled@128x128,wmma_tiled_tuned,250.776,7,11
q27.q_proj   tp1,5120,6144,32,bfloat16,24,tiled@256x128,wmma_tiled_tuned,276.181,6,11
q27.q_proj   tp1,5120,6144,32,bfloat16,24,ash@128x128,prefill_wmma_ashuffle,294.581,6,11
q27.q_proj   tp1,5120,6144,32,bfloat16,24,ash@256x256,prefill_wmma_ashuffle,296.693,6,11
q27.q_proj   tp1,5120,6144,32,bfloat16,24,tiled@64x128,wmma_tiled_tuned,351.829,5,11
q27.q_proj   tp1,5120,6144,32,bfloat16,24,tiled@384x128,wmma_tiled_tuned,392.926,4,11
q27.q_proj   tp1,5120,6144,32,bfloat16,24,ash@64x128,prefill_wmma_ashuffle,437.055,4,11
q27.q_proj   tp1,5120,6144,32,bfloat16,24,tiled@512x128,wmma_tiled_tuned,444.795,4,11
q27.q_proj   tp1,5120,6144,32,bfloat16,24,ash@384x128,prefill_wmma_ashuffle,487.654,3,11
q27.q_proj   tp1,5120,6144,32,bfloat16,24,tiled@32x128,wmma_tiled_tuned,584.244,3,11
q27.q_proj   tp1,5120,6144,32,bfloat16,24,ash@512x128,prefill_wmma_ashuffle,595.184,3,11
q27.q_proj   tp1,5120,6144,32,bfloat16,24,tiled@256x256,wmma_tiled_tuned,596.967,3,11
q27.q_proj   tp1,5120,6144,32,bfloat16,24,prefill:smallm_off,prefill_wmma,690.651,2,11
q27.q_proj   tp1,5120,6144,32,bfloat16,24,ash@32x128,prefill_wmma_ashuffle,832.929,2,11
q27.q_proj   tp1,5120,6144,32,bfloat16,24,tiled@16x128,wmma_tiled_tuned,989.415,2,11
q27.q_proj   tp1,5120,6144,32,bfloat16,24,ash@16x128,prefill_wmma_ashuffle,1353.974,2,11
q27.q_proj   tp1,5120,6144,32,bfloat16,32,ash@256x128,prefill_wmma_ashuffle,238.556,7,11
q27.q_proj   tp1,5120,6144,32,bfloat16,32,tiled@128x128,wmma_tiled_tuned,250.788,7,11
q27.q_proj   tp1,5120,6144,32,bfloat16,32,prefill,prefill_wmma,262.765,6,11
q27.q_proj   tp1,5120,6144,32,bfloat16,32,tiled@256x128,wmma_tiled_tuned,271.845,6,11
q27.q_proj   tp1,5120,6144,32,bfloat16,32,ash@256x256,prefill_wmma_ashuffle,299.706,5,11
q27.q_proj   tp1,5120,6144,32,bfloat16,32,ash@128x128,prefill_wmma_ashuffle,308.972,5,11
q27.q_proj   tp1,5120,6144,32,bfloat16,32,tiled@64x128,wmma_tiled_tuned,354.636,4,11
q27.q_proj   tp1,5120,6144,32,bfloat16,32,tiled@384x128,wmma_tiled_tuned,393.369,4,11
q27.q_proj   tp1,5120,6144,32,bfloat16,32,tiled@512x128,wmma_tiled_tuned,443.321,4,11
q27.q_proj   tp1,5120,6144,32,bfloat16,32,ash@64x128,prefill_wmma_ashuffle,469.576,3,11
q27.q_proj   tp1,5120,6144,32,bfloat16,32,ash@384x128,prefill_wmma_ashuffle,504.912,3,11
q27.q_proj   tp1,5120,6144,32,bfloat16,32,ash@512x128,prefill_wmma_ashuffle,590.474,3,11
q27.q_proj   tp1,5120,6144,32,bfloat16,32,tiled@256x256,wmma_tiled_tuned,598.649,3,11
q27.q_proj   tp1,5120,6144,32,bfloat16,32,tiled@32x128,wmma_tiled_tuned,605.962,2,11
q27.q_proj   tp1,5120,6144,32,bfloat16,32,prefill:smallm_off,prefill_wmma,707.220,2,11
q27.q_proj   tp1,5120,6144,32,bfloat16,32,ash@32x128,prefill_wmma_ashuffle,876.059,2,11
q27.q_proj   tp1,5120,6144,32,bfloat16,32,tiled@16x128,wmma_tiled_tuned,1026.292,2,11
q27.q_proj   tp1,5120,6144,32,bfloat16,32,ash@16x128,prefill_wmma_ashuffle,1399.122,2,11
q27.q_proj   tp1,5120,6144,32,bfloat16,48,ash@256x128,prefill_wmma_ashuffle,247.243,7,11
q27.q_proj   tp1,5120,6144,32,bfloat16,48,tiled@128x128,wmma_tiled_tuned,256.923,6,11
q27.q_proj   tp1,5120,6144,32,bfloat16,48,tiled@256x128,wmma_tiled_tuned,267.376,7,11
q27.q_proj   tp1,5120,6144,32,bfloat16,48,prefill,prefill_wmma,294.558,6,11
q27.q_proj   tp1,5120,6144,32,bfloat16,48,ash@256x256,prefill_wmma_ashuffle,311.656,5,11
q27.q_proj   tp1,5120,6144,32,bfloat16,48,ash@128x128,prefill_wmma_ashuffle,331.423,5,11
q27.q_proj   tp1,5120,6144,32,bfloat16,48,tiled@384x128,wmma_tiled_tuned,385.834,4,11
q27.q_proj   tp1,5120,6144,32,bfloat16,48,tiled@64x128,wmma_tiled_tuned,392.325,4,11
q27.q_proj   tp1,5120,6144,32,bfloat16,48,tiled@512x128,wmma_tiled_tuned,431.836,4,11
q27.q_proj   tp1,5120,6144,32,bfloat16,48,ash@384x128,prefill_wmma_ashuffle,513.156,3,11
q27.q_proj   tp1,5120,6144,32,bfloat16,48,ash@64x128,prefill_wmma_ashuffle,515.539,3,11
q27.q_proj   tp1,5120,6144,32,bfloat16,48,tiled@256x256,wmma_tiled_tuned,598.922,3,11
q27.q_proj   tp1,5120,6144,32,bfloat16,48,ash@512x128,prefill_wmma_ashuffle,600.105,3,11
q27.q_proj   tp1,5120,6144,32,bfloat16,48,tiled@32x128,wmma_tiled_tuned,602.170,2,11
q27.q_proj   tp1,5120,6144,32,bfloat16,48,prefill:smallm_off,prefill_wmma,689.118,2,11
q27.q_proj   tp1,5120,6144,32,bfloat16,48,ash@32x128,prefill_wmma_ashuffle,808.001,2,11
q27.q_proj   tp1,5120,6144,32,bfloat16,48,tiled@16x128,wmma_tiled_tuned,1066.950,2,11
q27.q_proj   tp1,5120,6144,32,bfloat16,48,ash@16x128,prefill_wmma_ashuffle,1450.666,2,11
q27.q_proj   tp1,5120,6144,32,bfloat16,63,tiled@128x128,wmma_tiled_tuned,247.728,7,11
q27.q_proj   tp1,5120,6144,32,bfloat16,63,ash@256x128,prefill_wmma_ashuffle,249.248,7,11
q27.q_proj   tp1,5120,6144,32,bfloat16,63,tiled@256x128,wmma_tiled_tuned,252.406,7,11
q27.q_proj   tp1,5120,6144,32,bfloat16,63,ash@256x256,prefill_wmma_ashuffle,318.873,5,11
q27.q_proj   tp1,5120,6144,32,bfloat16,63,prefill,prefill_wmma,320.039,5,11
q27.q_proj   tp1,5120,6144,32,bfloat16,63,ash@128x128,prefill_wmma_ashuffle,356.676,5,11
q27.q_proj   tp1,5120,6144,32,bfloat16,63,tiled@64x128,wmma_tiled_tuned,365.267,5,11
q27.q_proj   tp1,5120,6144,32,bfloat16,63,tiled@384x128,wmma_tiled_tuned,372.449,4,11
q27.q_proj   tp1,5120,6144,32,bfloat16,63,tiled@512x128,wmma_tiled_tuned,424.475,4,11
q27.q_proj   tp1,5120,6144,32,bfloat16,63,ash@64x128,prefill_wmma_ashuffle,564.946,3,11
q27.q_proj   tp1,5120,6144,32,bfloat16,63,ash@384x128,prefill_wmma_ashuffle,567.176,3,11
q27.q_proj   tp1,5120,6144,32,bfloat16,63,tiled@32x128,wmma_tiled_tuned,579.507,3,11
q27.q_proj   tp1,5120,6144,32,bfloat16,63,tiled@256x256,wmma_tiled_tuned,598.496,3,11
q27.q_proj   tp1,5120,6144,32,bfloat16,63,ash@512x128,prefill_wmma_ashuffle,601.498,3,11
q27.q_proj   tp1,5120,6144,32,bfloat16,63,prefill:smallm_off,prefill_wmma,682.664,2,11
q27.q_proj   tp1,5120,6144,32,bfloat16,63,ash@32x128,prefill_wmma_ashuffle,837.698,2,11
q27.q_proj   tp1,5120,6144,32,bfloat16,63,tiled@16x128,wmma_tiled_tuned,1005.668,2,11
q27.q_proj   tp1,5120,6144,32,bfloat16,63,ash@16x128,prefill_wmma_ashuffle,1374.622,2,11
q27.q_proj   tp1,5120,6144,32,bfloat16,64,tiled@128x128,wmma_tiled_tuned,249.310,7,11
q27.q_proj   tp1,5120,6144,32,bfloat16,64,ash@256x128,prefill_wmma_ashuffle,255.123,7,11
q27.q_proj   tp1,5120,6144,32,bfloat16,64,tiled@256x128,wmma_tiled_tuned,262.629,6,11
q27.q_proj   tp1,5120,6144,32,bfloat16,64,prefill,prefill_wmma,317.814,5,11
q27.q_proj   tp1,5120,6144,32,bfloat16,64,ash@256x256,prefill_wmma_ashuffle,324.844,5,11
q27.q_proj   tp1,5120,6144,32,bfloat16,64,ash@128x128,prefill_wmma_ashuffle,352.496,5,11
q27.q_proj   tp1,5120,6144,32,bfloat16,64,tiled@384x128,wmma_tiled_tuned,372.381,4,11
q27.q_proj   tp1,5120,6144,32,bfloat16,64,tiled@64x128,wmma_tiled_tuned,393.142,4,11
q27.q_proj   tp1,5120,6144,32,bfloat16,64,tiled@512x128,wmma_tiled_tuned,429.067,4,11
q27.q_proj   tp1,5120,6144,32,bfloat16,64,ash@384x128,prefill_wmma_ashuffle,552.221,3,11
q27.q_proj   tp1,5120,6144,32,bfloat16,64,ash@64x128,prefill_wmma_ashuffle,561.307,3,11
q27.q_proj   tp1,5120,6144,32,bfloat16,64,tiled@256x256,wmma_tiled_tuned,601.029,3,11
q27.q_proj   tp1,5120,6144,32,bfloat16,64,ash@512x128,prefill_wmma_ashuffle,602.838,3,11
q27.q_proj   tp1,5120,6144,32,bfloat16,64,tiled@32x128,wmma_tiled_tuned,609.699,2,11
q27.q_proj   tp1,5120,6144,32,bfloat16,64,prefill:smallm_off,prefill_wmma,693.195,2,11
q27.q_proj   tp1,5120,6144,32,bfloat16,64,ash@32x128,prefill_wmma_ashuffle,889.001,2,11
q27.q_proj   tp1,5120,6144,32,bfloat16,64,tiled@16x128,wmma_tiled_tuned,1044.997,2,11
q27.q_proj   tp1,5120,6144,32,bfloat16,64,ash@16x128,prefill_wmma_ashuffle,1403.515,2,11
q27.q_proj   tp1,5120,6144,32,bfloat16,128,tiled@256x128,wmma_tiled_tuned,253.518,7,11
q27.q_proj   tp1,5120,6144,32,bfloat16,128,tiled@128x128,wmma_tiled_tuned,264.575,6,11
q27.q_proj   tp1,5120,6144,32,bfloat16,128,ash@256x128,prefill_wmma_ashuffle,303.604,5,11
q27.q_proj   tp1,5120,6144,32,bfloat16,128,ash@256x256,prefill_wmma_ashuffle,377.717,4,11
q27.q_proj   tp1,5120,6144,32,bfloat16,128,tiled@64x128,wmma_tiled_tuned,410.250,4,11
q27.q_proj   tp1,5120,6144,32,bfloat16,128,tiled@384x128,wmma_tiled_tuned,422.876,4,11
q27.q_proj   tp1,5120,6144,32,bfloat16,128,ash@128x128,prefill_wmma_ashuffle,449.127,4,11
q27.q_proj   tp1,5120,6144,32,bfloat16,128,tiled@512x128,wmma_tiled_tuned,449.956,4,11
q27.q_proj   tp1,5120,6144,32,bfloat16,128,ash@64x128,prefill_wmma_ashuffle,571.038,3,11
q27.q_proj   tp1,5120,6144,32,bfloat16,128,ash@384x128,prefill_wmma_ashuffle,580.951,3,11
q27.q_proj   tp1,5120,6144,32,bfloat16,128,ash@512x128,prefill_wmma_ashuffle,601.421,3,11
q27.q_proj   tp1,5120,6144,32,bfloat16,128,tiled@256x256,wmma_tiled_tuned,614.345,2,11
q27.q_proj   tp1,5120,6144,32,bfloat16,128,tiled@32x128,wmma_tiled_tuned,625.476,2,11
q27.q_proj   tp1,5120,6144,32,bfloat16,128,prefill,prefill_wmma,795.512,2,11
q27.q_proj   tp1,5120,6144,32,bfloat16,128,prefill:smallm_off,prefill_wmma,805.200,2,11
q27.q_proj   tp1,5120,6144,32,bfloat16,128,ash@32x128,prefill_wmma_ashuffle,846.579,2,11
q27.q_proj   tp1,5120,6144,32,bfloat16,128,tiled@16x128,wmma_tiled_tuned,1071.207,2,11
q27.q_proj   tp1,5120,6144,32,bfloat16,128,ash@16x128,prefill_wmma_ashuffle,3227.537,2,11
q27.q_proj   tp1,5120,6144,32,bfloat16,256,tiled@256x128,wmma_tiled_tuned,279.353,6,11
q27.q_proj   tp1,5120,6144,32,bfloat16,256,tiled@128x128,wmma_tiled_tuned,313.926,5,11
q27.q_proj   tp1,5120,6144,32,bfloat16,256,tiled@64x128,wmma_tiled_tuned,417.241,4,11
q27.q_proj   tp1,5120,6144,32,bfloat16,256,tiled@384x128,wmma_tiled_tuned,439.739,4,11
q27.q_proj   tp1,5120,6144,32,bfloat16,256,ash@256x128,prefill_wmma_ashuffle,441.602,4,11
q27.q_proj   tp1,5120,6144,32,bfloat16,256,tiled@512x128,wmma_tiled_tuned,479.605,3,11
q27.q_proj   tp1,5120,6144,32,bfloat16,256,ash@128x128,prefill_wmma_ashuffle,483.083,3,11
q27.q_proj   tp1,5120,6144,32,bfloat16,256,ash@256x256,prefill_wmma_ashuffle,508.932,3,11
q27.q_proj   tp1,5120,6144,32,bfloat16,256,ash@64x128,prefill_wmma_ashuffle,628.157,2,11
q27.q_proj   tp1,5120,6144,32,bfloat16,256,ash@512x128,prefill_wmma_ashuffle,640.914,2,11
q27.q_proj   tp1,5120,6144,32,bfloat16,256,tiled@32x128,wmma_tiled_tuned,658.578,2,11
q27.q_proj   tp1,5120,6144,32,bfloat16,256,ash@384x128,prefill_wmma_ashuffle,668.493,2,11
q27.q_proj   tp1,5120,6144,32,bfloat16,256,tiled@256x256,wmma_tiled_tuned,669.742,2,11
q27.q_proj   tp1,5120,6144,32,bfloat16,256,prefill,prefill_wmma,1048.352,2,11
q27.q_proj   tp1,5120,6144,32,bfloat16,256,prefill:smallm_off,prefill_wmma,1051.987,2,11
q27.q_proj   tp1,5120,6144,32,bfloat16,256,ash@32x128,prefill_wmma_ashuffle,1869.447,2,11
q27.q_proj   tp1,5120,6144,32,bfloat16,256,tiled@16x128,wmma_tiled_tuned,3072.943,2,11
q27.q_proj   tp1,5120,6144,32,bfloat16,256,ash@16x128,prefill_wmma_ashuffle,4627.845,2,11
q27.q_proj   tp1,5120,6144,32,bfloat16,512,tiled@256x128,wmma_tiled_tuned,487.530,3,11
q27.q_proj   tp1,5120,6144,32,bfloat16,512,tiled@512x128,wmma_tiled_tuned,601.508,2,11
q27.q_proj   tp1,5120,6144,32,bfloat16,512,tiled@384x128,wmma_tiled_tuned,704.193,2,11
q27.q_proj   tp1,5120,6144,32,bfloat16,512,tiled@128x128,wmma_tiled_tuned,733.226,2,11
q27.q_proj   tp1,5120,6144,32,bfloat16,512,ash@256x128,prefill_wmma_ashuffle,789.085,2,11
q27.q_proj   tp1,5120,6144,32,bfloat16,512,ash@512x128,prefill_wmma_ashuffle,792.663,2,11
q27.q_proj   tp1,5120,6144,32,bfloat16,512,ash@128x128,prefill_wmma_ashuffle,945.902,2,11
q27.q_proj   tp1,5120,6144,32,bfloat16,512,ash@256x256,prefill_wmma_ashuffle,1010.926,2,11
q27.q_proj   tp1,5120,6144,32,bfloat16,512,ash@384x128,prefill_wmma_ashuffle,1098.897,2,11
q27.q_proj   tp1,5120,6144,32,bfloat16,512,ash@64x128,prefill_wmma_ashuffle,1206.925,2,11
q27.q_proj   tp1,5120,6144,32,bfloat16,512,tiled@256x256,wmma_tiled_tuned,1489.292,2,11
q27.q_proj   tp1,5120,6144,32,bfloat16,512,prefill,prefill_wmma,1646.760,2,11
q27.q_proj   tp1,5120,6144,32,bfloat16,512,prefill:smallm_off,prefill_wmma,1671.309,2,11
q27.q_proj   tp1,5120,6144,32,bfloat16,512,tiled@64x128,wmma_tiled_tuned,2008.654,2,11
q27.q_proj   tp1,5120,6144,32,bfloat16,512,tiled@32x128,wmma_tiled_tuned,2378.223,2,11
q27.q_proj   tp1,5120,6144,32,bfloat16,512,ash@32x128,prefill_wmma_ashuffle,2599.642,2,11
q27.q_proj   tp1,5120,6144,32,bfloat16,512,tiled@16x128,wmma_tiled_tuned,4535.178,2,11
q27.q_proj   tp1,5120,6144,32,bfloat16,512,ash@16x128,prefill_wmma_ashuffle,6988.964,2,11
q27.q_proj   tp1,5120,6144,32,bfloat16,2048,tiled@256x128,wmma_tiled_tuned,1819.417,2,11
q27.q_proj   tp1,5120,6144,32,bfloat16,2048,tiled@512x128,wmma_tiled_tuned,1901.553,2,11
q27.q_proj   tp1,5120,6144,32,bfloat16,2048,tiled@128x128,wmma_tiled_tuned,2211.970,2,11
q27.q_proj   tp1,5120,6144,32,bfloat16,2048,tiled@384x128,wmma_tiled_tuned,2321.240,2,11
q27.q_proj   tp1,5120,6144,32,bfloat16,2048,ash@512x128,prefill_wmma_ashuffle,2544.138,2,11
q27.q_proj   tp1,5120,6144,32,bfloat16,2048,ash@256x128,prefill_wmma_ashuffle,2694.044,2,11
q27.q_proj   tp1,5120,6144,32,bfloat16,2048,ash@256x256,prefill_wmma_ashuffle,3064.487,2,11
q27.q_proj   tp1,5120,6144,32,bfloat16,2048,ash@128x128,prefill_wmma_ashuffle,3205.771,2,11
q27.q_proj   tp1,5120,6144,32,bfloat16,2048,ash@384x128,prefill_wmma_ashuffle,3374.149,2,11
q27.q_proj   tp1,5120,6144,32,bfloat16,2048,ash@64x128,prefill_wmma_ashuffle,3904.897,2,11
q27.q_proj   tp1,5120,6144,32,bfloat16,2048,tiled@64x128,wmma_tiled_tuned,4127.414,2,11
q27.q_proj   tp1,5120,6144,32,bfloat16,2048,tiled@256x256,wmma_tiled_tuned,4255.782,2,11
q27.q_proj   tp1,5120,6144,32,bfloat16,2048,tiled@32x128,wmma_tiled_tuned,6256.787,2,11
q27.q_proj   tp1,5120,6144,32,bfloat16,2048,prefill,prefill_wmma,6381.294,2,11
q27.q_proj   tp1,5120,6144,32,bfloat16,2048,prefill:smallm_off,prefill_wmma,6383.161,2,11
q27.q_proj   tp1,5120,6144,32,bfloat16,2048,ash@32x128,prefill_wmma_ashuffle,8144.256,2,11
q27.q_proj   tp1,5120,6144,32,bfloat16,2048,tiled@16x128,wmma_tiled_tuned,15544.381,2,11
q27.q_proj   tp1,5120,6144,32,bfloat16,2048,ash@16x128,prefill_wmma_ashuffle,41622.062,2,11
lag.gate_up  tp2,2048,8192,32,bfloat16,17,tiled@256x128,wmma_tiled_tuned,126.185,8,19
lag.gate_up  tp2,2048,8192,32,bfloat16,17,tiled@128x128,wmma_tiled_tuned,139.156,8,19
lag.gate_up  tp2,2048,8192,32,bfloat16,17,ash@256x128,prefill_wmma_ashuffle,140.483,7,19
lag.gate_up  tp2,2048,8192,32,bfloat16,17,prefill,prefill_wmma,147.609,7,19
lag.gate_up  tp2,2048,8192,32,bfloat16,17,ash@128x128,prefill_wmma_ashuffle,199.599,5,19
lag.gate_up  tp2,2048,8192,32,bfloat16,17,ash@256x256,prefill_wmma_ashuffle,212.118,5,19
lag.gate_up  tp2,2048,8192,32,bfloat16,17,ash@384x128,prefill_wmma_ashuffle,220.010,4,19
lag.gate_up  tp2,2048,8192,32,bfloat16,17,ash@64x128,prefill_wmma_ashuffle,239.339,4,19
lag.gate_up  tp2,2048,8192,32,bfloat16,17,tiled@384x128,wmma_tiled_tuned,239.592,4,19
lag.gate_up  tp2,2048,8192,32,bfloat16,17,tiled@64x128,wmma_tiled_tuned,242.696,4,19
lag.gate_up  tp2,2048,8192,32,bfloat16,17,tiled@512x128,wmma_tiled_tuned,257.935,3,19
lag.gate_up  tp2,2048,8192,32,bfloat16,17,ash@512x128,prefill_wmma_ashuffle,285.520,3,19
lag.gate_up  tp2,2048,8192,32,bfloat16,17,tiled@256x256,wmma_tiled_tuned,306.767,3,19
lag.gate_up  tp2,2048,8192,32,bfloat16,17,tiled@32x128,wmma_tiled_tuned,367.539,2,19
lag.gate_up  tp2,2048,8192,32,bfloat16,17,prefill:smallm_off,prefill_wmma,371.957,2,19
lag.gate_up  tp2,2048,8192,32,bfloat16,17,ash@32x128,prefill_wmma_ashuffle,421.022,2,19
lag.gate_up  tp2,2048,8192,32,bfloat16,17,tiled@16x128,wmma_tiled_tuned,504.779,2,19
lag.gate_up  tp2,2048,8192,32,bfloat16,17,ash@16x128,prefill_wmma_ashuffle,651.506,2,19
lag.gate_up  tp2,2048,8192,32,bfloat16,24,tiled@256x128,wmma_tiled_tuned,124.282,8,19
lag.gate_up  tp2,2048,8192,32,bfloat16,24,tiled@128x128,wmma_tiled_tuned,137.567,8,19
lag.gate_up  tp2,2048,8192,32,bfloat16,24,ash@256x128,prefill_wmma_ashuffle,139.501,7,19
lag.gate_up  tp2,2048,8192,32,bfloat16,24,prefill,prefill_wmma,146.810,7,19
lag.gate_up  tp2,2048,8192,32,bfloat16,24,ash@128x128,prefill_wmma_ashuffle,206.942,5,19
lag.gate_up  tp2,2048,8192,32,bfloat16,24,ash@256x256,prefill_wmma_ashuffle,208.892,4,19
lag.gate_up  tp2,2048,8192,32,bfloat16,24,ash@384x128,prefill_wmma_ashuffle,219.299,4,19
lag.gate_up  tp2,2048,8192,32,bfloat16,24,tiled@384x128,wmma_tiled_tuned,238.066,4,19
lag.gate_up  tp2,2048,8192,32,bfloat16,24,ash@64x128,prefill_wmma_ashuffle,243.068,4,19
lag.gate_up  tp2,2048,8192,32,bfloat16,24,tiled@64x128,wmma_tiled_tuned,249.662,4,19
lag.gate_up  tp2,2048,8192,32,bfloat16,24,tiled@512x128,wmma_tiled_tuned,255.071,4,19
lag.gate_up  tp2,2048,8192,32,bfloat16,24,ash@512x128,prefill_wmma_ashuffle,255.422,3,19
lag.gate_up  tp2,2048,8192,32,bfloat16,24,tiled@256x256,wmma_tiled_tuned,307.627,3,19
lag.gate_up  tp2,2048,8192,32,bfloat16,24,tiled@32x128,wmma_tiled_tuned,363.703,2,19
lag.gate_up  tp2,2048,8192,32,bfloat16,24,prefill:smallm_off,prefill_wmma,365.261,2,19
lag.gate_up  tp2,2048,8192,32,bfloat16,24,ash@32x128,prefill_wmma_ashuffle,442.745,2,19
lag.gate_up  tp2,2048,8192,32,bfloat16,24,tiled@16x128,wmma_tiled_tuned,513.872,2,19
lag.gate_up  tp2,2048,8192,32,bfloat16,24,ash@16x128,prefill_wmma_ashuffle,655.641,2,19
lag.gate_up  tp2,2048,8192,32,bfloat16,32,tiled@256x128,wmma_tiled_tuned,115.215,9,19
lag.gate_up  tp2,2048,8192,32,bfloat16,32,tiled@128x128,wmma_tiled_tuned,119.293,8,19
lag.gate_up  tp2,2048,8192,32,bfloat16,32,ash@256x128,prefill_wmma_ashuffle,140.444,8,19
lag.gate_up  tp2,2048,8192,32,bfloat16,32,prefill,prefill_wmma,152.946,6,19
lag.gate_up  tp2,2048,8192,32,bfloat16,32,ash@256x256,prefill_wmma_ashuffle,209.905,5,19
lag.gate_up  tp2,2048,8192,32,bfloat16,32,ash@128x128,prefill_wmma_ashuffle,212.016,5,19
lag.gate_up  tp2,2048,8192,32,bfloat16,32,ash@384x128,prefill_wmma_ashuffle,224.327,4,19
lag.gate_up  tp2,2048,8192,32,bfloat16,32,tiled@384x128,wmma_tiled_tuned,232.841,4,19
lag.gate_up  tp2,2048,8192,32,bfloat16,32,tiled@64x128,wmma_tiled_tuned,245.025,4,19
lag.gate_up  tp2,2048,8192,32,bfloat16,32,tiled@512x128,wmma_tiled_tuned,250.703,4,19
lag.gate_up  tp2,2048,8192,32,bfloat16,32,ash@64x128,prefill_wmma_ashuffle,253.570,4,19
lag.gate_up  tp2,2048,8192,32,bfloat16,32,ash@512x128,prefill_wmma_ashuffle,262.999,3,19
lag.gate_up  tp2,2048,8192,32,bfloat16,32,tiled@256x256,wmma_tiled_tuned,304.726,3,19
lag.gate_up  tp2,2048,8192,32,bfloat16,32,tiled@32x128,wmma_tiled_tuned,368.370,2,19
lag.gate_up  tp2,2048,8192,32,bfloat16,32,prefill:smallm_off,prefill_wmma,368.509,2,19
lag.gate_up  tp2,2048,8192,32,bfloat16,32,ash@32x128,prefill_wmma_ashuffle,464.958,2,19
lag.gate_up  tp2,2048,8192,32,bfloat16,32,tiled@16x128,wmma_tiled_tuned,523.223,2,19
lag.gate_up  tp2,2048,8192,32,bfloat16,32,ash@16x128,prefill_wmma_ashuffle,677.679,2,19
lag.gate_up  tp2,2048,8192,32,bfloat16,48,tiled@128x128,wmma_tiled_tuned,110.464,8,19
lag.gate_up  tp2,2048,8192,32,bfloat16,48,tiled@256x128,wmma_tiled_tuned,112.328,9,19
lag.gate_up  tp2,2048,8192,32,bfloat16,48,ash@256x128,prefill_wmma_ashuffle,151.941,7,19
lag.gate_up  tp2,2048,8192,32,bfloat16,48,ash@384x128,prefill_wmma_ashuffle,195.681,5,19
lag.gate_up  tp2,2048,8192,32,bfloat16,48,prefill,prefill_wmma,196.095,5,19
lag.gate_up  tp2,2048,8192,32,bfloat16,48,ash@128x128,prefill_wmma_ashuffle,221.176,4,19
lag.gate_up  tp2,2048,8192,32,bfloat16,48,tiled@384x128,wmma_tiled_tuned,224.034,4,19
lag.gate_up  tp2,2048,8192,32,bfloat16,48,ash@256x256,prefill_wmma_ashuffle,231.331,4,19
lag.gate_up  tp2,2048,8192,32,bfloat16,48,tiled@512x128,wmma_tiled_tuned,241.628,4,19
lag.gate_up  tp2,2048,8192,32,bfloat16,48,tiled@64x128,wmma_tiled_tuned,264.775,3,19
lag.gate_up  tp2,2048,8192,32,bfloat16,48,ash@512x128,prefill_wmma_ashuffle,273.041,4,19
lag.gate_up  tp2,2048,8192,32,bfloat16,48,ash@64x128,prefill_wmma_ashuffle,274.957,3,19
lag.gate_up  tp2,2048,8192,32,bfloat16,48,tiled@256x256,wmma_tiled_tuned,306.808,3,19
lag.gate_up  tp2,2048,8192,32,bfloat16,48,prefill:smallm_off,prefill_wmma,351.905,3,19
lag.gate_up  tp2,2048,8192,32,bfloat16,48,tiled@32x128,wmma_tiled_tuned,383.302,2,19
lag.gate_up  tp2,2048,8192,32,bfloat16,48,ash@32x128,prefill_wmma_ashuffle,451.689,2,19
lag.gate_up  tp2,2048,8192,32,bfloat16,48,tiled@16x128,wmma_tiled_tuned,521.889,2,19
lag.gate_up  tp2,2048,8192,32,bfloat16,48,ash@16x128,prefill_wmma_ashuffle,686.381,2,19
lag.gate_up  tp2,2048,8192,32,bfloat16,63,tiled@256x128,wmma_tiled_tuned,112.291,9,19
lag.gate_up  tp2,2048,8192,32,bfloat16,63,tiled@128x128,wmma_tiled_tuned,112.324,8,19
lag.gate_up  tp2,2048,8192,32,bfloat16,63,ash@256x128,prefill_wmma_ashuffle,150.855,6,19
lag.gate_up  tp2,2048,8192,32,bfloat16,63,ash@384x128,prefill_wmma_ashuffle,186.085,5,19
lag.gate_up  tp2,2048,8192,32,bfloat16,63,prefill,prefill_wmma,206.761,5,19
lag.gate_up  tp2,2048,8192,32,bfloat16,63,ash@256x256,prefill_wmma_ashuffle,222.719,4,19
lag.gate_up  tp2,2048,8192,32,bfloat16,63,tiled@384x128,wmma_tiled_tuned,224.770,4,19
lag.gate_up  tp2,2048,8192,32,bfloat16,63,ash@128x128,prefill_wmma_ashuffle,241.352,4,19
lag.gate_up  tp2,2048,8192,32,bfloat16,63,tiled@512x128,wmma_tiled_tuned,242.677,4,19
lag.gate_up  tp2,2048,8192,32,bfloat16,63,ash@512x128,prefill_wmma_ashuffle,262.730,4,19
lag.gate_up  tp2,2048,8192,32,bfloat16,63,tiled@64x128,wmma_tiled_tuned,291.493,3,19
lag.gate_up  tp2,2048,8192,32,bfloat16,63,tiled@256x256,wmma_tiled_tuned,304.669,3,19
lag.gate_up  tp2,2048,8192,32,bfloat16,63,ash@64x128,prefill_wmma_ashuffle,309.924,3,19
lag.gate_up  tp2,2048,8192,32,bfloat16,63,prefill:smallm_off,prefill_wmma,313.775,3,19
lag.gate_up  tp2,2048,8192,32,bfloat16,63,tiled@32x128,wmma_tiled_tuned,416.091,2,19
lag.gate_up  tp2,2048,8192,32,bfloat16,63,ash@32x128,prefill_wmma_ashuffle,498.894,2,19
lag.gate_up  tp2,2048,8192,32,bfloat16,63,tiled@16x128,wmma_tiled_tuned,543.491,2,19
lag.gate_up  tp2,2048,8192,32,bfloat16,63,ash@16x128,prefill_wmma_ashuffle,682.961,2,19
lag.gate_up  tp2,2048,8192,32,bfloat16,64,tiled@128x128,wmma_tiled_tuned,111.947,8,19
lag.gate_up  tp2,2048,8192,32,bfloat16,64,tiled@256x128,wmma_tiled_tuned,115.962,8,19
lag.gate_up  tp2,2048,8192,32,bfloat16,64,ash@256x128,prefill_wmma_ashuffle,151.388,6,19
lag.gate_up  tp2,2048,8192,32,bfloat16,64,ash@384x128,prefill_wmma_ashuffle,185.112,5,19
lag.gate_up  tp2,2048,8192,32,bfloat16,64,prefill,prefill_wmma,207.217,5,19
lag.gate_up  tp2,2048,8192,32,bfloat16,64,ash@256x256,prefill_wmma_ashuffle,221.946,4,19
lag.gate_up  tp2,2048,8192,32,bfloat16,64,tiled@384x128,wmma_tiled_tuned,227.716,4,19
lag.gate_up  tp2,2048,8192,32,bfloat16,64,ash@128x128,prefill_wmma_ashuffle,230.248,4,19
lag.gate_up  tp2,2048,8192,32,bfloat16,64,tiled@512x128,wmma_tiled_tuned,242.316,4,19
lag.gate_up  tp2,2048,8192,32,bfloat16,64,ash@512x128,prefill_wmma_ashuffle,269.357,3,19
lag.gate_up  tp2,2048,8192,32,bfloat16,64,tiled@256x256,wmma_tiled_tuned,303.919,3,19
lag.gate_up  tp2,2048,8192,32,bfloat16,64,ash@64x128,prefill_wmma_ashuffle,310.373,3,19
lag.gate_up  tp2,2048,8192,32,bfloat16,64,prefill:smallm_off,prefill_wmma,314.699,3,19
lag.gate_up  tp2,2048,8192,32,bfloat16,64,tiled@64x128,wmma_tiled_tuned,322.230,3,19
lag.gate_up  tp2,2048,8192,32,bfloat16,64,tiled@32x128,wmma_tiled_tuned,410.214,2,19
lag.gate_up  tp2,2048,8192,32,bfloat16,64,ash@32x128,prefill_wmma_ashuffle,509.288,2,19
lag.gate_up  tp2,2048,8192,32,bfloat16,64,tiled@16x128,wmma_tiled_tuned,541.409,2,19
lag.gate_up  tp2,2048,8192,32,bfloat16,64,ash@16x128,prefill_wmma_ashuffle,698.550,2,19
lag.gate_up  tp2,2048,8192,32,bfloat16,128,tiled@256x128,wmma_tiled_tuned,117.842,8,19
lag.gate_up  tp2,2048,8192,32,bfloat16,128,tiled@128x128,wmma_tiled_tuned,131.521,7,19
lag.gate_up  tp2,2048,8192,32,bfloat16,128,ash@256x128,prefill_wmma_ashuffle,166.019,6,19
lag.gate_up  tp2,2048,8192,32,bfloat16,128,tiled@384x128,wmma_tiled_tuned,209.615,4,19
lag.gate_up  tp2,2048,8192,32,bfloat16,128,tiled@512x128,wmma_tiled_tuned,219.134,4,19
lag.gate_up  tp2,2048,8192,32,bfloat16,128,ash@384x128,prefill_wmma_ashuffle,241.170,4,19
lag.gate_up  tp2,2048,8192,32,bfloat16,128,ash@256x256,prefill_wmma_ashuffle,261.435,3,19
lag.gate_up  tp2,2048,8192,32,bfloat16,128,ash@128x128,prefill_wmma_ashuffle,269.290,3,19
lag.gate_up  tp2,2048,8192,32,bfloat16,128,tiled@256x256,wmma_tiled_tuned,310.443,3,19
lag.gate_up  tp2,2048,8192,32,bfloat16,128,ash@64x128,prefill_wmma_ashuffle,319.684,3,19
lag.gate_up  tp2,2048,8192,32,bfloat16,128,ash@512x128,prefill_wmma_ashuffle,355.148,2,19
lag.gate_up  tp2,2048,8192,32,bfloat16,128,tiled@64x128,wmma_tiled_tuned,366.047,2,19
lag.gate_up  tp2,2048,8192,32,bfloat16,128,prefill:smallm_off,prefill_wmma,420.497,2,19
lag.gate_up  tp2,2048,8192,32,bfloat16,128,prefill,prefill_wmma,420.813,2,19
lag.gate_up  tp2,2048,8192,32,bfloat16,128,tiled@32x128,wmma_tiled_tuned,421.824,2,19
lag.gate_up  tp2,2048,8192,32,bfloat16,128,ash@32x128,prefill_wmma_ashuffle,538.583,2,19
lag.gate_up  tp2,2048,8192,32,bfloat16,128,tiled@16x128,wmma_tiled_tuned,570.672,2,19
lag.gate_up  tp2,2048,8192,32,bfloat16,128,ash@16x128,prefill_wmma_ashuffle,1154.545,2,19
lag.gate_up  tp2,2048,8192,32,bfloat16,256,tiled@256x128,wmma_tiled_tuned,136.511,6,19
lag.gate_up  tp2,2048,8192,32,bfloat16,256,tiled@384x128,wmma_tiled_tuned,215.803,4,19
lag.gate_up  tp2,2048,8192,32,bfloat16,256,tiled@512x128,wmma_tiled_tuned,227.925,4,19
lag.gate_up  tp2,2048,8192,32,bfloat16,256,ash@256x128,prefill_wmma_ashuffle,230.349,4,19
lag.gate_up  tp2,2048,8192,32,bfloat16,256,tiled@128x128,wmma_tiled_tuned,250.717,4,19
lag.gate_up  tp2,2048,8192,32,bfloat16,256,ash@256x256,prefill_wmma_ashuffle,280.777,3,19
lag.gate_up  tp2,2048,8192,32,bfloat16,256,ash@128x128,prefill_wmma_ashuffle,291.749,3,19
lag.gate_up  tp2,2048,8192,32,bfloat16,256,tiled@256x256,wmma_tiled_tuned,333.174,3,19
lag.gate_up  tp2,2048,8192,32,bfloat16,256,ash@64x128,prefill_wmma_ashuffle,334.146,3,19
lag.gate_up  tp2,2048,8192,32,bfloat16,256,ash@384x128,prefill_wmma_ashuffle,352.091,2,19
lag.gate_up  tp2,2048,8192,32,bfloat16,256,ash@512x128,prefill_wmma_ashuffle,386.471,2,19
lag.gate_up  tp2,2048,8192,32,bfloat16,256,tiled@64x128,wmma_tiled_tuned,391.531,2,19
lag.gate_up  tp2,2048,8192,32,bfloat16,256,tiled@32x128,wmma_tiled_tuned,462.860,2,19
lag.gate_up  tp2,2048,8192,32,bfloat16,256,prefill,prefill_wmma,507.890,2,19
lag.gate_up  tp2,2048,8192,32,bfloat16,256,prefill:smallm_off,prefill_wmma,520.871,2,19
lag.gate_up  tp2,2048,8192,32,bfloat16,256,ash@32x128,prefill_wmma_ashuffle,815.080,2,19
lag.gate_up  tp2,2048,8192,32,bfloat16,256,tiled@16x128,wmma_tiled_tuned,1168.441,2,19
lag.gate_up  tp2,2048,8192,32,bfloat16,256,ash@16x128,prefill_wmma_ashuffle,2365.746,2,19
lag.gate_up  tp2,2048,8192,32,bfloat16,512,tiled@256x128,wmma_tiled_tuned,246.127,4,19
lag.gate_up  tp2,2048,8192,32,bfloat16,512,tiled@128x128,wmma_tiled_tuned,380.328,2,19
lag.gate_up  tp2,2048,8192,32,bfloat16,512,tiled@384x128,wmma_tiled_tuned,388.503,2,19
lag.gate_up  tp2,2048,8192,32,bfloat16,512,tiled@512x128,wmma_tiled_tuned,410.598,2,19
lag.gate_up  tp2,2048,8192,32,bfloat16,512,ash@256x128,prefill_wmma_ashuffle,449.996,2,19
lag.gate_up  tp2,2048,8192,32,bfloat16,512,ash@512x128,prefill_wmma_ashuffle,531.321,2,19
lag.gate_up  tp2,2048,8192,32,bfloat16,512,tiled@256x256,wmma_tiled_tuned,565.429,2,19
lag.gate_up  tp2,2048,8192,32,bfloat16,512,ash@128x128,prefill_wmma_ashuffle,581.929,2,19
lag.gate_up  tp2,2048,8192,32,bfloat16,512,ash@256x256,prefill_wmma_ashuffle,610.378,2,19
lag.gate_up  tp2,2048,8192,32,bfloat16,512,ash@384x128,prefill_wmma_ashuffle,613.707,2,19
lag.gate_up  tp2,2048,8192,32,bfloat16,512,ash@64x128,prefill_wmma_ashuffle,642.589,2,19
lag.gate_up  tp2,2048,8192,32,bfloat16,512,tiled@64x128,wmma_tiled_tuned,753.615,2,19
lag.gate_up  tp2,2048,8192,32,bfloat16,512,tiled@32x128,wmma_tiled_tuned,936.022,2,19
lag.gate_up  tp2,2048,8192,32,bfloat16,512,prefill,prefill_wmma,957.001,2,19
lag.gate_up  tp2,2048,8192,32,bfloat16,512,prefill:smallm_off,prefill_wmma,980.881,2,19
lag.gate_up  tp2,2048,8192,32,bfloat16,512,ash@32x128,prefill_wmma_ashuffle,1516.224,2,19
lag.gate_up  tp2,2048,8192,32,bfloat16,512,tiled@16x128,wmma_tiled_tuned,2278.241,2,19
lag.gate_up  tp2,2048,8192,32,bfloat16,512,ash@16x128,prefill_wmma_ashuffle,4086.280,2,19
lag.gate_up  tp2,2048,8192,32,bfloat16,2048,tiled@256x128,wmma_tiled_tuned,932.428,2,19
lag.gate_up  tp2,2048,8192,32,bfloat16,2048,tiled@512x128,wmma_tiled_tuned,1013.153,2,19
lag.gate_up  tp2,2048,8192,32,bfloat16,2048,tiled@128x128,wmma_tiled_tuned,1316.394,2,19
lag.gate_up  tp2,2048,8192,32,bfloat16,2048,tiled@384x128,wmma_tiled_tuned,1345.897,2,19
lag.gate_up  tp2,2048,8192,32,bfloat16,2048,ash@512x128,prefill_wmma_ashuffle,1425.194,2,19
lag.gate_up  tp2,2048,8192,32,bfloat16,2048,ash@256x128,prefill_wmma_ashuffle,1468.622,2,19
lag.gate_up  tp2,2048,8192,32,bfloat16,2048,ash@256x256,prefill_wmma_ashuffle,1684.049,2,19
lag.gate_up  tp2,2048,8192,32,bfloat16,2048,ash@128x128,prefill_wmma_ashuffle,1695.386,2,19
lag.gate_up  tp2,2048,8192,32,bfloat16,2048,ash@384x128,prefill_wmma_ashuffle,1769.312,2,19
lag.gate_up  tp2,2048,8192,32,bfloat16,2048,tiled@64x128,wmma_tiled_tuned,2015.359,2,19
lag.gate_up  tp2,2048,8192,32,bfloat16,2048,ash@64x128,prefill_wmma_ashuffle,2056.952,2,19
lag.gate_up  tp2,2048,8192,32,bfloat16,2048,tiled@256x256,wmma_tiled_tuned,2360.089,2,19
lag.gate_up  tp2,2048,8192,32,bfloat16,2048,tiled@32x128,wmma_tiled_tuned,3035.553,2,19
lag.gate_up  tp2,2048,8192,32,bfloat16,2048,prefill:smallm_off,prefill_wmma,3491.094,2,19
lag.gate_up  tp2,2048,8192,32,bfloat16,2048,prefill,prefill_wmma,3525.246,2,19
lag.gate_up  tp2,2048,8192,32,bfloat16,2048,ash@32x128,prefill_wmma_ashuffle,4297.068,2,19
lag.gate_up  tp2,2048,8192,32,bfloat16,2048,tiled@16x128,wmma_tiled_tuned,9034.637,2,19
lag.gate_up  tp2,2048,8192,32,bfloat16,2048,ash@16x128,prefill_wmma_ashuffle,13419.216,2,19
q35b4.gate_up tp2,2560,9216,32,bfloat16,17,tiled@128x128,wmma_tiled_tuned,158.510,8,14
q35b4.gate_up tp2,2560,9216,32,bfloat16,17,prefill,prefill_wmma,161.412,8,14
q35b4.gate_up tp2,2560,9216,32,bfloat16,17,tiled@64x128,wmma_tiled_tuned,172.970,8,14
q35b4.gate_up tp2,2560,9216,32,bfloat16,17,ash@128x128,prefill_wmma_ashuffle,178.482,7,14
q35b4.gate_up tp2,2560,9216,32,bfloat16,17,ash@64x128,prefill_wmma_ashuffle,225.727,6,14
q35b4.gate_up tp2,2560,9216,32,bfloat16,17,tiled@256x128,wmma_tiled_tuned,237.209,6,14
q35b4.gate_up tp2,2560,9216,32,bfloat16,17,tiled@32x128,wmma_tiled_tuned,288.358,4,14
q35b4.gate_up tp2,2560,9216,32,bfloat16,17,ash@256x128,prefill_wmma_ashuffle,291.293,4,14
q35b4.gate_up tp2,2560,9216,32,bfloat16,17,ash@32x128,prefill_wmma_ashuffle,396.101,3,14
q35b4.gate_up tp2,2560,9216,32,bfloat16,17,ash@256x256,prefill_wmma_ashuffle,404.439,3,14
q35b4.gate_up tp2,2560,9216,32,bfloat16,17,tiled@384x128,wmma_tiled_tuned,423.926,3,14
q35b4.gate_up tp2,2560,9216,32,bfloat16,17,tiled@512x128,wmma_tiled_tuned,457.857,3,14
q35b4.gate_up tp2,2560,9216,32,bfloat16,17,ash@384x128,prefill_wmma_ashuffle,494.760,2,14
q35b4.gate_up tp2,2560,9216,32,bfloat16,17,tiled@16x128,wmma_tiled_tuned,502.857,2,14
q35b4.gate_up tp2,2560,9216,32,bfloat16,17,ash@512x128,prefill_wmma_ashuffle,506.353,2,14
q35b4.gate_up tp2,2560,9216,32,bfloat16,17,prefill:smallm_off,prefill_wmma,648.418,2,14
q35b4.gate_up tp2,2560,9216,32,bfloat16,17,ash@16x128,prefill_wmma_ashuffle,703.728,2,14
q35b4.gate_up tp2,2560,9216,32,bfloat16,17,tiled@256x256,wmma_tiled_tuned,721.491,2,14
q35b4.gate_up tp2,2560,9216,32,bfloat16,24,tiled@128x128,wmma_tiled_tuned,155.616,9,14
q35b4.gate_up tp2,2560,9216,32,bfloat16,24,prefill,prefill_wmma,162.040,8,14
q35b4.gate_up tp2,2560,9216,32,bfloat16,24,tiled@64x128,wmma_tiled_tuned,170.323,8,14
q35b4.gate_up tp2,2560,9216,32,bfloat16,24,ash@128x128,prefill_wmma_ashuffle,178.645,7,14
q35b4.gate_up tp2,2560,9216,32,bfloat16,24,ash@64x128,prefill_wmma_ashuffle,228.569,6,14
q35b4.gate_up tp2,2560,9216,32,bfloat16,24,tiled@256x128,wmma_tiled_tuned,230.431,6,14
q35b4.gate_up tp2,2560,9216,32,bfloat16,24,ash@256x128,prefill_wmma_ashuffle,262.723,5,14
q35b4.gate_up tp2,2560,9216,32,bfloat16,24,tiled@32x128,wmma_tiled_tuned,281.734,5,14
q35b4.gate_up tp2,2560,9216,32,bfloat16,24,ash@256x256,prefill_wmma_ashuffle,398.331,3,14
q35b4.gate_up tp2,2560,9216,32,bfloat16,24,ash@32x128,prefill_wmma_ashuffle,400.208,3,14
q35b4.gate_up tp2,2560,9216,32,bfloat16,24,tiled@384x128,wmma_tiled_tuned,408.400,3,14
q35b4.gate_up tp2,2560,9216,32,bfloat16,24,ash@384x128,prefill_wmma_ashuffle,433.765,3,14
q35b4.gate_up tp2,2560,9216,32,bfloat16,24,tiled@512x128,wmma_tiled_tuned,444.250,3,14
q35b4.gate_up tp2,2560,9216,32,bfloat16,24,tiled@16x128,wmma_tiled_tuned,491.280,2,14
q35b4.gate_up tp2,2560,9216,32,bfloat16,24,ash@512x128,prefill_wmma_ashuffle,509.133,2,14
q35b4.gate_up tp2,2560,9216,32,bfloat16,24,prefill:smallm_off,prefill_wmma,643.033,2,14
q35b4.gate_up tp2,2560,9216,32,bfloat16,24,ash@16x128,prefill_wmma_ashuffle,679.757,2,14
q35b4.gate_up tp2,2560,9216,32,bfloat16,24,tiled@256x256,wmma_tiled_tuned,724.536,2,14
q35b4.gate_up tp2,2560,9216,32,bfloat16,32,tiled@128x128,wmma_tiled_tuned,149.120,9,14
q35b4.gate_up tp2,2560,9216,32,bfloat16,32,prefill,prefill_wmma,161.305,8,14
q35b4.gate_up tp2,2560,9216,32,bfloat16,32,tiled@64x128,wmma_tiled_tuned,168.925,8,14
q35b4.gate_up tp2,2560,9216,32,bfloat16,32,ash@128x128,prefill_wmma_ashuffle,178.958,8,14
q35b4.gate_up tp2,2560,9216,32,bfloat16,32,tiled@256x128,wmma_tiled_tuned,226.355,6,14
q35b4.gate_up tp2,2560,9216,32,bfloat16,32,ash@64x128,prefill_wmma_ashuffle,234.914,6,14
q35b4.gate_up tp2,2560,9216,32,bfloat16,32,ash@256x128,prefill_wmma_ashuffle,261.573,5,14
q35b4.gate_up tp2,2560,9216,32,bfloat16,32,tiled@32x128,wmma_tiled_tuned,278.669,5,14
q35b4.gate_up tp2,2560,9216,32,bfloat16,32,ash@384x128,prefill_wmma_ashuffle,377.514,3,14
q35b4.gate_up tp2,2560,9216,32,bfloat16,32,tiled@384x128,wmma_tiled_tuned,378.134,3,14
q35b4.gate_up tp2,2560,9216,32,bfloat16,32,ash@256x256,prefill_wmma_ashuffle,394.389,3,14
q35b4.gate_up tp2,2560,9216,32,bfloat16,32,ash@32x128,prefill_wmma_ashuffle,418.002,3,14
q35b4.gate_up tp2,2560,9216,32,bfloat16,32,tiled@512x128,wmma_tiled_tuned,418.538,3,14
q35b4.gate_up tp2,2560,9216,32,bfloat16,32,ash@512x128,prefill_wmma_ashuffle,472.394,3,14
q35b4.gate_up tp2,2560,9216,32,bfloat16,32,tiled@16x128,wmma_tiled_tuned,484.027,3,14
q35b4.gate_up tp2,2560,9216,32,bfloat16,32,prefill:smallm_off,prefill_wmma,632.246,2,14
q35b4.gate_up tp2,2560,9216,32,bfloat16,32,ash@16x128,prefill_wmma_ashuffle,689.501,2,14
q35b4.gate_up tp2,2560,9216,32,bfloat16,32,tiled@256x256,wmma_tiled_tuned,703.590,2,14
q35b4.gate_up tp2,2560,9216,32,bfloat16,48,tiled@128x128,wmma_tiled_tuned,142.830,9,14
q35b4.gate_up tp2,2560,9216,32,bfloat16,48,prefill,prefill_wmma,170.404,8,14
q35b4.gate_up tp2,2560,9216,32,bfloat16,48,tiled@64x128,wmma_tiled_tuned,175.297,7,14
q35b4.gate_up tp2,2560,9216,32,bfloat16,48,ash@128x128,prefill_wmma_ashuffle,181.943,7,14
q35b4.gate_up tp2,2560,9216,32,bfloat16,48,tiled@256x128,wmma_tiled_tuned,224.130,6,14
q35b4.gate_up tp2,2560,9216,32,bfloat16,48,ash@64x128,prefill_wmma_ashuffle,259.737,5,14
q35b4.gate_up tp2,2560,9216,32,bfloat16,48,tiled@32x128,wmma_tiled_tuned,270.069,5,14
q35b4.gate_up tp2,2560,9216,32,bfloat16,48,ash@256x128,prefill_wmma_ashuffle,304.020,4,14
q35b4.gate_up tp2,2560,9216,32,bfloat16,48,ash@384x128,prefill_wmma_ashuffle,347.748,3,14
q35b4.gate_up tp2,2560,9216,32,bfloat16,48,tiled@384x128,wmma_tiled_tuned,373.640,3,14
q35b4.gate_up tp2,2560,9216,32,bfloat16,48,ash@32x128,prefill_wmma_ashuffle,407.265,3,14
q35b4.gate_up tp2,2560,9216,32,bfloat16,48,ash@256x256,prefill_wmma_ashuffle,408.981,3,14
q35b4.gate_up tp2,2560,9216,32,bfloat16,48,tiled@512x128,wmma_tiled_tuned,412.056,3,14
q35b4.gate_up tp2,2560,9216,32,bfloat16,48,tiled@16x128,wmma_tiled_tuned,480.221,2,14
q35b4.gate_up tp2,2560,9216,32,bfloat16,48,ash@512x128,prefill_wmma_ashuffle,494.058,2,14
q35b4.gate_up tp2,2560,9216,32,bfloat16,48,prefill:smallm_off,prefill_wmma,641.005,2,14
q35b4.gate_up tp2,2560,9216,32,bfloat16,48,ash@16x128,prefill_wmma_ashuffle,673.442,2,14
q35b4.gate_up tp2,2560,9216,32,bfloat16,48,tiled@256x256,wmma_tiled_tuned,705.411,2,14
q35b4.gate_up tp2,2560,9216,32,bfloat16,63,tiled@128x128,wmma_tiled_tuned,139.838,10,14
q35b4.gate_up tp2,2560,9216,32,bfloat16,63,tiled@64x128,wmma_tiled_tuned,183.272,7,14
q35b4.gate_up tp2,2560,9216,32,bfloat16,63,ash@128x128,prefill_wmma_ashuffle,190.224,7,14
q35b4.gate_up tp2,2560,9216,32,bfloat16,63,prefill,prefill_wmma,196.281,7,14
q35b4.gate_up tp2,2560,9216,32,bfloat16,63,tiled@256x128,wmma_tiled_tuned,216.418,6,14
q35b4.gate_up tp2,2560,9216,32,bfloat16,63,tiled@32x128,wmma_tiled_tuned,282.072,4,14
q35b4.gate_up tp2,2560,9216,32,bfloat16,63,ash@64x128,prefill_wmma_ashuffle,288.800,4,14
q35b4.gate_up tp2,2560,9216,32,bfloat16,63,ash@256x128,prefill_wmma_ashuffle,297.609,4,14
q35b4.gate_up tp2,2560,9216,32,bfloat16,63,tiled@384x128,wmma_tiled_tuned,367.542,3,14
q35b4.gate_up tp2,2560,9216,32,bfloat16,63,tiled@512x128,wmma_tiled_tuned,407.679,3,14
q35b4.gate_up tp2,2560,9216,32,bfloat16,63,ash@32x128,prefill_wmma_ashuffle,415.011,3,14
q35b4.gate_up tp2,2560,9216,32,bfloat16,63,ash@256x256,prefill_wmma_ashuffle,418.325,3,14
q35b4.gate_up tp2,2560,9216,32,bfloat16,63,ash@384x128,prefill_wmma_ashuffle,443.533,3,14
q35b4.gate_up tp2,2560,9216,32,bfloat16,63,tiled@16x128,wmma_tiled_tuned,479.270,2,14
q35b4.gate_up tp2,2560,9216,32,bfloat16,63,ash@512x128,prefill_wmma_ashuffle,483.674,2,14
q35b4.gate_up tp2,2560,9216,32,bfloat16,63,prefill:smallm_off,prefill_wmma,672.041,2,14
q35b4.gate_up tp2,2560,9216,32,bfloat16,63,ash@16x128,prefill_wmma_ashuffle,674.407,2,14
q35b4.gate_up tp2,2560,9216,32,bfloat16,63,tiled@256x256,wmma_tiled_tuned,717.247,2,14
q35b4.gate_up tp2,2560,9216,32,bfloat16,64,tiled@128x128,wmma_tiled_tuned,141.185,10,14
q35b4.gate_up tp2,2560,9216,32,bfloat16,64,tiled@64x128,wmma_tiled_tuned,183.345,7,14
q35b4.gate_up tp2,2560,9216,32,bfloat16,64,ash@128x128,prefill_wmma_ashuffle,186.642,7,14
q35b4.gate_up tp2,2560,9216,32,bfloat16,64,prefill,prefill_wmma,199.076,7,14
q35b4.gate_up tp2,2560,9216,32,bfloat16,64,tiled@256x128,wmma_tiled_tuned,216.116,6,14
q35b4.gate_up tp2,2560,9216,32,bfloat16,64,tiled@32x128,wmma_tiled_tuned,284.345,5,14
q35b4.gate_up tp2,2560,9216,32,bfloat16,64,ash@64x128,prefill_wmma_ashuffle,288.130,4,14
q35b4.gate_up tp2,2560,9216,32,bfloat16,64,ash@256x128,prefill_wmma_ashuffle,312.324,4,14
q35b4.gate_up tp2,2560,9216,32,bfloat16,64,tiled@384x128,wmma_tiled_tuned,364.012,3,14
q35b4.gate_up tp2,2560,9216,32,bfloat16,64,tiled@512x128,wmma_tiled_tuned,394.870,3,14
q35b4.gate_up tp2,2560,9216,32,bfloat16,64,ash@256x256,prefill_wmma_ashuffle,413.677,3,14
q35b4.gate_up tp2,2560,9216,32,bfloat16,64,ash@32x128,prefill_wmma_ashuffle,415.061,3,14
q35b4.gate_up tp2,2560,9216,32,bfloat16,64,ash@384x128,prefill_wmma_ashuffle,419.702,3,14
q35b4.gate_up tp2,2560,9216,32,bfloat16,64,tiled@16x128,wmma_tiled_tuned,479.997,2,14
q35b4.gate_up tp2,2560,9216,32,bfloat16,64,ash@512x128,prefill_wmma_ashuffle,483.249,3,14
q35b4.gate_up tp2,2560,9216,32,bfloat16,64,prefill:smallm_off,prefill_wmma,673.268,2,14
q35b4.gate_up tp2,2560,9216,32,bfloat16,64,ash@16x128,prefill_wmma_ashuffle,684.170,2,14
q35b4.gate_up tp2,2560,9216,32,bfloat16,64,tiled@256x256,wmma_tiled_tuned,711.977,2,14
q35b4.gate_up tp2,2560,9216,32,bfloat16,128,tiled@128x128,wmma_tiled_tuned,153.227,9,14
q35b4.gate_up tp2,2560,9216,32,bfloat16,128,tiled@64x128,wmma_tiled_tuned,195.168,7,14
q35b4.gate_up tp2,2560,9216,32,bfloat16,128,tiled@256x128,wmma_tiled_tuned,221.880,6,14
q35b4.gate_up tp2,2560,9216,32,bfloat16,128,ash@128x128,prefill_wmma_ashuffle,247.984,5,14
q35b4.gate_up tp2,2560,9216,32,bfloat16,128,tiled@32x128,wmma_tiled_tuned,297.167,4,14
q35b4.gate_up tp2,2560,9216,32,bfloat16,128,ash@64x128,prefill_wmma_ashuffle,303.712,4,14
q35b4.gate_up tp2,2560,9216,32,bfloat16,128,ash@256x128,prefill_wmma_ashuffle,305.424,4,14
q35b4.gate_up tp2,2560,9216,32,bfloat16,128,tiled@384x128,wmma_tiled_tuned,348.980,4,14
q35b4.gate_up tp2,2560,9216,32,bfloat16,128,tiled@512x128,wmma_tiled_tuned,371.439,3,14
q35b4.gate_up tp2,2560,9216,32,bfloat16,128,ash@32x128,prefill_wmma_ashuffle,439.019,3,14
q35b4.gate_up tp2,2560,9216,32,bfloat16,128,ash@384x128,prefill_wmma_ashuffle,443.329,3,14
q35b4.gate_up tp2,2560,9216,32,bfloat16,128,ash@256x256,prefill_wmma_ashuffle,471.647,3,14
q35b4.gate_up tp2,2560,9216,32,bfloat16,128,tiled@16x128,wmma_tiled_tuned,503.621,2,14
q35b4.gate_up tp2,2560,9216,32,bfloat16,128,ash@512x128,prefill_wmma_ashuffle,548.915,2,14
q35b4.gate_up tp2,2560,9216,32,bfloat16,128,tiled@256x256,wmma_tiled_tuned,727.726,2,14
q35b4.gate_up tp2,2560,9216,32,bfloat16,128,prefill:smallm_off,prefill_wmma,782.168,2,14
q35b4.gate_up tp2,2560,9216,32,bfloat16,128,prefill,prefill_wmma,788.204,2,14
q35b4.gate_up tp2,2560,9216,32,bfloat16,128,ash@16x128,prefill_wmma_ashuffle,1493.712,2,14
q35b4.gate_up tp2,2560,9216,32,bfloat16,256,tiled@256x128,wmma_tiled_tuned,260.553,5,14
q35b4.gate_up tp2,2560,9216,32,bfloat16,256,tiled@128x128,wmma_tiled_tuned,299.542,4,14
q35b4.gate_up tp2,2560,9216,32,bfloat16,256,tiled@384x128,wmma_tiled_tuned,337.708,4,14
q35b4.gate_up tp2,2560,9216,32,bfloat16,256,tiled@512x128,wmma_tiled_tuned,362.460,3,14
q35b4.gate_up tp2,2560,9216,32,bfloat16,256,ash@64x128,prefill_wmma_ashuffle,386.218,3,14
q35b4.gate_up tp2,2560,9216,32,bfloat16,256,ash@256x128,prefill_wmma_ashuffle,404.329,3,14
q35b4.gate_up tp2,2560,9216,32,bfloat16,256,ash@128x128,prefill_wmma_ashuffle,450.624,3,14
q35b4.gate_up tp2,2560,9216,32,bfloat16,256,tiled@64x128,wmma_tiled_tuned,499.580,2,14
q35b4.gate_up tp2,2560,9216,32,bfloat16,256,ash@512x128,prefill_wmma_ashuffle,587.220,2,14
q35b4.gate_up tp2,2560,9216,32,bfloat16,256,ash@256x256,prefill_wmma_ashuffle,620.924,2,14
q35b4.gate_up tp2,2560,9216,32,bfloat16,256,ash@384x128,prefill_wmma_ashuffle,633.115,2,14
q35b4.gate_up tp2,2560,9216,32,bfloat16,256,tiled@256x256,wmma_tiled_tuned,751.282,2,14
q35b4.gate_up tp2,2560,9216,32,bfloat16,256,tiled@32x128,wmma_tiled_tuned,797.761,2,14
q35b4.gate_up tp2,2560,9216,32,bfloat16,256,prefill,prefill_wmma,953.219,2,14
q35b4.gate_up tp2,2560,9216,32,bfloat16,256,prefill:smallm_off,prefill_wmma,992.701,2,14
q35b4.gate_up tp2,2560,9216,32,bfloat16,256,ash@32x128,prefill_wmma_ashuffle,1033.380,2,14
q35b4.gate_up tp2,2560,9216,32,bfloat16,256,tiled@16x128,wmma_tiled_tuned,1688.345,2,14
q35b4.gate_up tp2,2560,9216,32,bfloat16,256,ash@16x128,prefill_wmma_ashuffle,2845.295,2,14
q35b4.gate_up tp2,2560,9216,32,bfloat16,512,tiled@256x128,wmma_tiled_tuned,376.077,3,14
q35b4.gate_up tp2,2560,9216,32,bfloat16,512,tiled@384x128,wmma_tiled_tuned,553.706,2,14
q35b4.gate_up tp2,2560,9216,32,bfloat16,512,tiled@512x128,wmma_tiled_tuned,562.422,2,14
q35b4.gate_up tp2,2560,9216,32,bfloat16,512,ash@256x128,prefill_wmma_ashuffle,611.780,2,14
q35b4.gate_up tp2,2560,9216,32,bfloat16,512,ash@512x128,prefill_wmma_ashuffle,667.229,2,14
q35b4.gate_up tp2,2560,9216,32,bfloat16,512,tiled@128x128,wmma_tiled_tuned,668.388,2,14
q35b4.gate_up tp2,2560,9216,32,bfloat16,512,ash@128x128,prefill_wmma_ashuffle,741.060,2,14
q35b4.gate_up tp2,2560,9216,32,bfloat16,512,ash@384x128,prefill_wmma_ashuffle,769.146,2,14
q35b4.gate_up tp2,2560,9216,32,bfloat16,512,ash@64x128,prefill_wmma_ashuffle,785.294,2,14
q35b4.gate_up tp2,2560,9216,32,bfloat16,512,ash@256x256,prefill_wmma_ashuffle,905.737,2,14
q35b4.gate_up tp2,2560,9216,32,bfloat16,512,tiled@256x256,wmma_tiled_tuned,1006.438,2,14
q35b4.gate_up tp2,2560,9216,32,bfloat16,512,tiled@64x128,wmma_tiled_tuned,1356.629,2,14
q35b4.gate_up tp2,2560,9216,32,bfloat16,512,prefill,prefill_wmma,1432.733,2,14
q35b4.gate_up tp2,2560,9216,32,bfloat16,512,prefill:smallm_off,prefill_wmma,1499.224,2,14
q35b4.gate_up tp2,2560,9216,32,bfloat16,512,tiled@32x128,wmma_tiled_tuned,1822.644,2,14
q35b4.gate_up tp2,2560,9216,32,bfloat16,512,ash@32x128,prefill_wmma_ashuffle,1893.781,2,14
q35b4.gate_up tp2,2560,9216,32,bfloat16,512,tiled@16x128,wmma_tiled_tuned,2852.554,2,14
q35b4.gate_up tp2,2560,9216,32,bfloat16,512,ash@16x128,prefill_wmma_ashuffle,5676.846,2,14
q35b4.gate_up tp2,2560,9216,32,bfloat16,2048,tiled@256x128,wmma_tiled_tuned,1452.340,2,14
q35b4.gate_up tp2,2560,9216,32,bfloat16,2048,tiled@512x128,wmma_tiled_tuned,1477.715,2,14
q35b4.gate_up tp2,2560,9216,32,bfloat16,2048,tiled@128x128,wmma_tiled_tuned,1705.564,2,14
q35b4.gate_up tp2,2560,9216,32,bfloat16,2048,tiled@384x128,wmma_tiled_tuned,1833.757,2,14
q35b4.gate_up tp2,2560,9216,32,bfloat16,2048,ash@512x128,prefill_wmma_ashuffle,1918.361,2,14
q35b4.gate_up tp2,2560,9216,32,bfloat16,2048,ash@256x128,prefill_wmma_ashuffle,2002.201,2,14
q35b4.gate_up tp2,2560,9216,32,bfloat16,2048,ash@256x256,prefill_wmma_ashuffle,2299.105,2,14
q35b4.gate_up tp2,2560,9216,32,bfloat16,2048,ash@128x128,prefill_wmma_ashuffle,2357.290,2,14
q35b4.gate_up tp2,2560,9216,32,bfloat16,2048,ash@384x128,prefill_wmma_ashuffle,2479.745,2,14
q35b4.gate_up tp2,2560,9216,32,bfloat16,2048,tiled@64x128,wmma_tiled_tuned,2710.754,2,14
q35b4.gate_up tp2,2560,9216,32,bfloat16,2048,ash@64x128,prefill_wmma_ashuffle,2862.257,2,14
q35b4.gate_up tp2,2560,9216,32,bfloat16,2048,tiled@256x256,wmma_tiled_tuned,3231.458,2,14
q35b4.gate_up tp2,2560,9216,32,bfloat16,2048,tiled@32x128,wmma_tiled_tuned,3849.639,2,14
q35b4.gate_up tp2,2560,9216,32,bfloat16,2048,prefill:smallm_off,prefill_wmma,5059.218,2,14
q35b4.gate_up tp2,2560,9216,32,bfloat16,2048,prefill,prefill_wmma,5076.637,2,14
q35b4.gate_up tp2,2560,9216,32,bfloat16,2048,ash@32x128,prefill_wmma_ashuffle,6010.955,2,14
q35b4.gate_up tp2,2560,9216,32,bfloat16,2048,tiled@16x128,wmma_tiled_tuned,9573.124,2,14
q35b4.gate_up tp2,2560,9216,32,bfloat16,2048,ash@16x128,prefill_wmma_ashuffle,33232.982,2,14
glm.gate_up  tp2,2048,10240,128,bfloat16,17,prefill,prefill_wmma,101.030,10,17
glm.gate_up  tp2,2048,10240,128,bfloat16,17,tiled@128x128,wmma_tiled_tuned,122.523,9,17
glm.gate_up  tp2,2048,10240,128,bfloat16,17,tiled@64x128,wmma_tiled_tuned,131.272,8,17
glm.gate_up  tp2,2048,10240,128,bfloat16,17,tiled@256x128,wmma_tiled_tuned,156.216,7,17
glm.gate_up  tp2,2048,10240,128,bfloat16,17,ash@64x128,prefill_wmma_ashuffle,185.057,6,17
glm.gate_up  tp2,2048,10240,128,bfloat16,17,ash@384x128,prefill_wmma_ashuffle,204.419,5,17
glm.gate_up  tp2,2048,10240,128,bfloat16,17,prefill:smallm_off,prefill_wmma,217.125,5,17
glm.gate_up  tp2,2048,10240,128,bfloat16,17,ash@512x128,prefill_wmma_ashuffle,218.787,5,17
glm.gate_up  tp2,2048,10240,128,bfloat16,17,ash@256x128,prefill_wmma_ashuffle,240.963,4,17
glm.gate_up  tp2,2048,10240,128,bfloat16,17,ash@128x128,prefill_wmma_ashuffle,249.495,4,17
glm.gate_up  tp2,2048,10240,128,bfloat16,17,tiled@32x128,wmma_tiled_tuned,281.231,4,17
glm.gate_up  tp2,2048,10240,128,bfloat16,17,ash@32x128,prefill_wmma_ashuffle,331.695,3,17
glm.gate_up  tp2,2048,10240,128,bfloat16,17,tiled@16x128,wmma_tiled_tuned,475.641,2,17
glm.gate_up  tp2,2048,10240,128,bfloat16,17,ash@16x128,prefill_wmma_ashuffle,972.041,2,17
glm.gate_up  tp2,2048,10240,128,bfloat16,24,prefill,prefill_wmma,102.544,10,17
glm.gate_up  tp2,2048,10240,128,bfloat16,24,tiled@128x128,wmma_tiled_tuned,116.908,9,17
glm.gate_up  tp2,2048,10240,128,bfloat16,24,tiled@64x128,wmma_tiled_tuned,133.136,8,17
glm.gate_up  tp2,2048,10240,128,bfloat16,24,tiled@256x128,wmma_tiled_tuned,156.025,7,17
glm.gate_up  tp2,2048,10240,128,bfloat16,24,ash@64x128,prefill_wmma_ashuffle,188.721,6,17
glm.gate_up  tp2,2048,10240,128,bfloat16,24,ash@384x128,prefill_wmma_ashuffle,198.830,5,17
glm.gate_up  tp2,2048,10240,128,bfloat16,24,ash@512x128,prefill_wmma_ashuffle,213.510,5,17
glm.gate_up  tp2,2048,10240,128,bfloat16,24,prefill:smallm_off,prefill_wmma,216.704,5,17
glm.gate_up  tp2,2048,10240,128,bfloat16,24,ash@128x128,prefill_wmma_ashuffle,236.785,5,17
glm.gate_up  tp2,2048,10240,128,bfloat16,24,ash@256x128,prefill_wmma_ashuffle,240.698,5,17
glm.gate_up  tp2,2048,10240,128,bfloat16,24,tiled@32x128,wmma_tiled_tuned,284.559,4,17
glm.gate_up  tp2,2048,10240,128,bfloat16,24,ash@32x128,prefill_wmma_ashuffle,347.522,3,17
glm.gate_up  tp2,2048,10240,128,bfloat16,24,tiled@16x128,wmma_tiled_tuned,502.412,2,17
glm.gate_up  tp2,2048,10240,128,bfloat16,24,ash@16x128,prefill_wmma_ashuffle,1028.247,2,17
glm.gate_up  tp2,2048,10240,128,bfloat16,32,tiled@128x128,wmma_tiled_tuned,107.918,10,17
glm.gate_up  tp2,2048,10240,128,bfloat16,32,prefill,prefill_wmma,111.100,9,17
glm.gate_up  tp2,2048,10240,128,bfloat16,32,tiled@64x128,wmma_tiled_tuned,135.453,8,17
glm.gate_up  tp2,2048,10240,128,bfloat16,32,tiled@256x128,wmma_tiled_tuned,152.984,7,17
glm.gate_up  tp2,2048,10240,128,bfloat16,32,ash@64x128,prefill_wmma_ashuffle,198.263,5,17
glm.gate_up  tp2,2048,10240,128,bfloat16,32,ash@512x128,prefill_wmma_ashuffle,209.954,5,17
glm.gate_up  tp2,2048,10240,128,bfloat16,32,ash@384x128,prefill_wmma_ashuffle,212.058,5,17
glm.gate_up  tp2,2048,10240,128,bfloat16,32,prefill:smallm_off,prefill_wmma,219.071,5,17
glm.gate_up  tp2,2048,10240,128,bfloat16,32,ash@256x128,prefill_wmma_ashuffle,240.069,5,17
glm.gate_up  tp2,2048,10240,128,bfloat16,32,ash@128x128,prefill_wmma_ashuffle,247.248,4,17
glm.gate_up  tp2,2048,10240,128,bfloat16,32,tiled@32x128,wmma_tiled_tuned,287.942,4,17
glm.gate_up  tp2,2048,10240,128,bfloat16,32,ash@32x128,prefill_wmma_ashuffle,373.870,3,17
glm.gate_up  tp2,2048,10240,128,bfloat16,32,tiled@16x128,wmma_tiled_tuned,509.464,2,17
glm.gate_up  tp2,2048,10240,128,bfloat16,32,ash@16x128,prefill_wmma_ashuffle,1133.765,2,17
glm.gate_up  tp2,2048,10240,128,bfloat16,48,tiled@128x128,wmma_tiled_tuned,102.670,10,17
glm.gate_up  tp2,2048,10240,128,bfloat16,48,prefill,prefill_wmma,128.587,9,17
glm.gate_up  tp2,2048,10240,128,bfloat16,48,tiled@64x128,wmma_tiled_tuned,141.322,8,17
glm.gate_up  tp2,2048,10240,128,bfloat16,48,tiled@256x128,wmma_tiled_tuned,160.376,7,17
glm.gate_up  tp2,2048,10240,128,bfloat16,48,ash@384x128,prefill_wmma_ashuffle,208.303,5,17
glm.gate_up  tp2,2048,10240,128,bfloat16,48,ash@64x128,prefill_wmma_ashuffle,219.325,5,17
glm.gate_up  tp2,2048,10240,128,bfloat16,48,ash@512x128,prefill_wmma_ashuffle,222.525,5,17
glm.gate_up  tp2,2048,10240,128,bfloat16,48,prefill:smallm_off,prefill_wmma,233.020,4,17
glm.gate_up  tp2,2048,10240,128,bfloat16,48,ash@256x128,prefill_wmma_ashuffle,256.555,4,17
glm.gate_up  tp2,2048,10240,128,bfloat16,48,ash@128x128,prefill_wmma_ashuffle,259.385,4,17
glm.gate_up  tp2,2048,10240,128,bfloat16,48,tiled@32x128,wmma_tiled_tuned,284.474,4,17
glm.gate_up  tp2,2048,10240,128,bfloat16,48,ash@32x128,prefill_wmma_ashuffle,633.379,2,17
glm.gate_up  tp2,2048,10240,128,bfloat16,48,tiled@16x128,wmma_tiled_tuned,974.635,2,17
glm.gate_up  tp2,2048,10240,128,bfloat16,48,ash@16x128,prefill_wmma_ashuffle,1681.399,2,17
glm.gate_up  tp2,2048,10240,128,bfloat16,63,tiled@128x128,wmma_tiled_tuned,106.911,10,17
glm.gate_up  tp2,2048,10240,128,bfloat16,63,prefill,prefill_wmma,146.121,7,17
glm.gate_up  tp2,2048,10240,128,bfloat16,63,tiled@64x128,wmma_tiled_tuned,151.761,7,17
glm.gate_up  tp2,2048,10240,128,bfloat16,63,tiled@256x128,wmma_tiled_tuned,161.444,7,17
glm.gate_up  tp2,2048,10240,128,bfloat16,63,ash@384x128,prefill_wmma_ashuffle,211.244,5,17
glm.gate_up  tp2,2048,10240,128,bfloat16,63,ash@512x128,prefill_wmma_ashuffle,221.313,5,17
glm.gate_up  tp2,2048,10240,128,bfloat16,63,ash@64x128,prefill_wmma_ashuffle,241.334,4,17
glm.gate_up  tp2,2048,10240,128,bfloat16,63,prefill:smallm_off,prefill_wmma,242.902,4,17
glm.gate_up  tp2,2048,10240,128,bfloat16,63,ash@128x128,prefill_wmma_ashuffle,252.945,4,17
glm.gate_up  tp2,2048,10240,128,bfloat16,63,ash@256x128,prefill_wmma_ashuffle,270.703,4,17
glm.gate_up  tp2,2048,10240,128,bfloat16,63,tiled@32x128,wmma_tiled_tuned,298.634,3,17
glm.gate_up  tp2,2048,10240,128,bfloat16,63,ash@32x128,prefill_wmma_ashuffle,747.261,2,17
glm.gate_up  tp2,2048,10240,128,bfloat16,63,tiled@16x128,wmma_tiled_tuned,970.595,2,17
glm.gate_up  tp2,2048,10240,128,bfloat16,63,ash@16x128,prefill_wmma_ashuffle,2232.833,2,17
glm.gate_up  tp2,2048,10240,128,bfloat16,64,tiled@128x128,wmma_tiled_tuned,106.807,10,17
glm.gate_up  tp2,2048,10240,128,bfloat16,64,prefill,prefill_wmma,146.197,7,17
glm.gate_up  tp2,2048,10240,128,bfloat16,64,tiled@64x128,wmma_tiled_tuned,149.223,7,17
glm.gate_up  tp2,2048,10240,128,bfloat16,64,tiled@256x128,wmma_tiled_tuned,161.846,7,17
glm.gate_up  tp2,2048,10240,128,bfloat16,64,ash@384x128,prefill_wmma_ashuffle,209.420,5,17
glm.gate_up  tp2,2048,10240,128,bfloat16,64,ash@512x128,prefill_wmma_ashuffle,220.285,5,17
glm.gate_up  tp2,2048,10240,128,bfloat16,64,ash@64x128,prefill_wmma_ashuffle,241.873,4,17
glm.gate_up  tp2,2048,10240,128,bfloat16,64,prefill:smallm_off,prefill_wmma,243.073,4,17
glm.gate_up  tp2,2048,10240,128,bfloat16,64,ash@128x128,prefill_wmma_ashuffle,269.981,4,17
glm.gate_up  tp2,2048,10240,128,bfloat16,64,ash@256x128,prefill_wmma_ashuffle,273.907,4,17
glm.gate_up  tp2,2048,10240,128,bfloat16,64,tiled@32x128,wmma_tiled_tuned,297.427,3,17
glm.gate_up  tp2,2048,10240,128,bfloat16,64,ash@32x128,prefill_wmma_ashuffle,749.679,2,17
glm.gate_up  tp2,2048,10240,128,bfloat16,64,tiled@16x128,wmma_tiled_tuned,973.151,2,17
glm.gate_up  tp2,2048,10240,128,bfloat16,64,ash@16x128,prefill_wmma_ashuffle,2263.952,2,17
glm.gate_up  tp2,2048,10240,128,bfloat16,128,tiled@128x128,wmma_tiled_tuned,125.888,9,17
glm.gate_up  tp2,2048,10240,128,bfloat16,128,tiled@256x128,wmma_tiled_tuned,155.159,7,17
glm.gate_up  tp2,2048,10240,128,bfloat16,128,ash@512x128,prefill_wmma_ashuffle,254.918,4,17
glm.gate_up  tp2,2048,10240,128,bfloat16,128,ash@384x128,prefill_wmma_ashuffle,272.223,4,17
glm.gate_up  tp2,2048,10240,128,bfloat16,128,ash@256x128,prefill_wmma_ashuffle,338.857,3,17
glm.gate_up  tp2,2048,10240,128,bfloat16,128,ash@128x128,prefill_wmma_ashuffle,342.268,3,17
glm.gate_up  tp2,2048,10240,128,bfloat16,128,prefill:smallm_off,prefill_wmma,393.901,3,17
glm.gate_up  tp2,2048,10240,128,bfloat16,128,prefill,prefill_wmma,395.676,2,17
glm.gate_up  tp2,2048,10240,128,bfloat16,128,tiled@64x128,wmma_tiled_tuned,435.532,2,17
glm.gate_up  tp2,2048,10240,128,bfloat16,128,tiled@32x128,wmma_tiled_tuned,578.408,2,17
glm.gate_up  tp2,2048,10240,128,bfloat16,128,ash@64x128,prefill_wmma_ashuffle,590.921,2,17
glm.gate_up  tp2,2048,10240,128,bfloat16,128,ash@32x128,prefill_wmma_ashuffle,1464.932,2,17
glm.gate_up  tp2,2048,10240,128,bfloat16,128,tiled@16x128,wmma_tiled_tuned,2033.789,2,17
glm.gate_up  tp2,2048,10240,128,bfloat16,128,ash@16x128,prefill_wmma_ashuffle,4039.932,2,17
glm.gate_up  tp2,2048,10240,128,bfloat16,256,tiled@256x128,wmma_tiled_tuned,204.901,5,17
glm.gate_up  tp2,2048,10240,128,bfloat16,256,tiled@128x128,wmma_tiled_tuned,232.866,4,17
glm.gate_up  tp2,2048,10240,128,bfloat16,256,ash@384x128,prefill_wmma_ashuffle,333.250,3,17
glm.gate_up  tp2,2048,10240,128,bfloat16,256,ash@512x128,prefill_wmma_ashuffle,342.225,3,17
glm.gate_up  tp2,2048,10240,128,bfloat16,256,ash@256x128,prefill_wmma_ashuffle,401.276,2,17
glm.gate_up  tp2,2048,10240,128,bfloat16,256,prefill:smallm_off,prefill_wmma,523.105,2,17
glm.gate_up  tp2,2048,10240,128,bfloat16,256,prefill,prefill_wmma,524.644,2,17
glm.gate_up  tp2,2048,10240,128,bfloat16,256,ash@128x128,prefill_wmma_ashuffle,528.050,2,17
glm.gate_up  tp2,2048,10240,128,bfloat16,256,tiled@64x128,wmma_tiled_tuned,603.499,2,17
glm.gate_up  tp2,2048,10240,128,bfloat16,256,ash@64x128,prefill_wmma_ashuffle,1104.544,2,17
glm.gate_up  tp2,2048,10240,128,bfloat16,256,tiled@32x128,wmma_tiled_tuned,1380.349,2,17
glm.gate_up  tp2,2048,10240,128,bfloat16,256,ash@32x128,prefill_wmma_ashuffle,2592.311,2,17
glm.gate_up  tp2,2048,10240,128,bfloat16,256,tiled@16x128,wmma_tiled_tuned,3333.243,2,17
glm.gate_up  tp2,2048,10240,128,bfloat16,256,ash@16x128,prefill_wmma_ashuffle,12692.246,2,17
glm.gate_up  tp2,2048,10240,128,bfloat16,512,tiled@256x128,wmma_tiled_tuned,288.203,4,17
glm.gate_up  tp2,2048,10240,128,bfloat16,512,tiled@128x128,wmma_tiled_tuned,399.422,2,17
glm.gate_up  tp2,2048,10240,128,bfloat16,512,ash@512x128,prefill_wmma_ashuffle,491.625,2,17
glm.gate_up  tp2,2048,10240,128,bfloat16,512,ash@384x128,prefill_wmma_ashuffle,625.866,2,17
glm.gate_up  tp2,2048,10240,128,bfloat16,512,ash@256x128,prefill_wmma_ashuffle,664.530,2,17
glm.gate_up  tp2,2048,10240,128,bfloat16,512,ash@128x128,prefill_wmma_ashuffle,911.681,2,17
glm.gate_up  tp2,2048,10240,128,bfloat16,512,prefill:smallm_off,prefill_wmma,931.359,2,17
glm.gate_up  tp2,2048,10240,128,bfloat16,512,prefill,prefill_wmma,937.636,2,17
glm.gate_up  tp2,2048,10240,128,bfloat16,512,tiled@64x128,wmma_tiled_tuned,1019.110,2,17
glm.gate_up  tp2,2048,10240,128,bfloat16,512,ash@64x128,prefill_wmma_ashuffle,1917.033,2,17
glm.gate_up  tp2,2048,10240,128,bfloat16,512,tiled@32x128,wmma_tiled_tuned,2384.426,2,17
glm.gate_up  tp2,2048,10240,128,bfloat16,512,ash@32x128,prefill_wmma_ashuffle,5878.339,2,17
glm.gate_up  tp2,2048,10240,128,bfloat16,512,tiled@16x128,wmma_tiled_tuned,9525.311,2,17
glm.gate_up  tp2,2048,10240,128,bfloat16,512,ash@16x128,prefill_wmma_ashuffle,24067.413,2,17
glm.gate_up  tp2,2048,10240,128,bfloat16,2048,tiled@256x128,wmma_tiled_tuned,962.198,2,17
glm.gate_up  tp2,2048,10240,128,bfloat16,2048,tiled@128x128,wmma_tiled_tuned,1523.323,2,17
glm.gate_up  tp2,2048,10240,128,bfloat16,2048,ash@512x128,prefill_wmma_ashuffle,1714.844,2,17
glm.gate_up  tp2,2048,10240,128,bfloat16,2048,ash@384x128,prefill_wmma_ashuffle,1999.853,2,17
glm.gate_up  tp2,2048,10240,128,bfloat16,2048,ash@256x128,prefill_wmma_ashuffle,2683.694,2,17
glm.gate_up  tp2,2048,10240,128,bfloat16,2048,tiled@64x128,wmma_tiled_tuned,2766.153,2,17
glm.gate_up  tp2,2048,10240,128,bfloat16,2048,ash@128x128,prefill_wmma_ashuffle,3061.019,2,17
glm.gate_up  tp2,2048,10240,128,bfloat16,2048,prefill:smallm_off,prefill_wmma,3445.533,2,17
glm.gate_up  tp2,2048,10240,128,bfloat16,2048,prefill,prefill_wmma,3447.243,2,17
glm.gate_up  tp2,2048,10240,128,bfloat16,2048,ash@64x128,prefill_wmma_ashuffle,5253.484,2,17
glm.gate_up  tp2,2048,10240,128,bfloat16,2048,tiled@32x128,wmma_tiled_tuned,6158.804,2,17
glm.gate_up  tp2,2048,10240,128,bfloat16,2048,ash@32x128,prefill_wmma_ashuffle,15155.442,2,17
glm.gate_up  tp2,2048,10240,128,bfloat16,2048,tiled@16x128,wmma_tiled_tuned,19915.990,2,17
glm.gate_up  tp2,2048,10240,128,bfloat16,2048,ash@16x128,prefill_wmma_ashuffle,59871.184,2,17
lag.gate_up  tp1,2048,16384,32,bfloat16,17,tiled@256x128,wmma_tiled_tuned,207.671,9,10
lag.gate_up  tp1,2048,16384,32,bfloat16,17,ash@256x128,prefill_wmma_ashuffle,215.676,9,10
lag.gate_up  tp1,2048,16384,32,bfloat16,17,prefill,prefill_wmma,226.588,7,10
lag.gate_up  tp1,2048,16384,32,bfloat16,17,ash@256x256,prefill_wmma_ashuffle,386.593,5,10
lag.gate_up  tp1,2048,16384,32,bfloat16,17,tiled@128x128,wmma_tiled_tuned,404.319,4,10
lag.gate_up  tp1,2048,16384,32,bfloat16,17,ash@384x128,prefill_wmma_ashuffle,409.202,4,10
lag.gate_up  tp1,2048,16384,32,bfloat16,17,ash@128x128,prefill_wmma_ashuffle,414.127,4,10
lag.gate_up  tp1,2048,16384,32,bfloat16,17,tiled@64x128,wmma_tiled_tuned,418.669,4,10
lag.gate_up  tp1,2048,16384,32,bfloat16,17,tiled@32x128,wmma_tiled_tuned,427.800,4,10
lag.gate_up  tp1,2048,16384,32,bfloat16,17,tiled@16x128,wmma_tiled_tuned,443.506,4,10
lag.gate_up  tp1,2048,16384,32,bfloat16,17,ash@64x128,prefill_wmma_ashuffle,444.315,4,10
lag.gate_up  tp1,2048,16384,32,bfloat16,17,ash@32x128,prefill_wmma_ashuffle,466.315,4,10
lag.gate_up  tp1,2048,16384,32,bfloat16,17,tiled@384x128,wmma_tiled_tuned,519.406,3,10
lag.gate_up  tp1,2048,16384,32,bfloat16,17,ash@512x128,prefill_wmma_ashuffle,557.084,3,10
lag.gate_up  tp1,2048,16384,32,bfloat16,17,tiled@512x128,wmma_tiled_tuned,564.991,3,10
lag.gate_up  tp1,2048,16384,32,bfloat16,17,tiled@256x256,wmma_tiled_tuned,588.367,3,10
lag.gate_up  tp1,2048,16384,32,bfloat16,17,prefill:smallm_off,prefill_wmma,643.809,3,10
lag.gate_up  tp1,2048,16384,32,bfloat16,17,ash@16x128,prefill_wmma_ashuffle,654.377,3,10
lag.gate_up  tp1,2048,16384,32,bfloat16,24,tiled@256x128,wmma_tiled_tuned,203.556,10,10
lag.gate_up  tp1,2048,16384,32,bfloat16,24,ash@256x128,prefill_wmma_ashuffle,207.211,9,10
lag.gate_up  tp1,2048,16384,32,bfloat16,24,prefill,prefill_wmma,228.515,8,10
lag.gate_up  tp1,2048,16384,32,bfloat16,24,ash@256x256,prefill_wmma_ashuffle,388.627,5,10
lag.gate_up  tp1,2048,16384,32,bfloat16,24,tiled@128x128,wmma_tiled_tuned,402.905,4,10
lag.gate_up  tp1,2048,16384,32,bfloat16,24,ash@384x128,prefill_wmma_ashuffle,414.077,4,10
lag.gate_up  tp1,2048,16384,32,bfloat16,24,ash@128x128,prefill_wmma_ashuffle,414.908,4,10
lag.gate_up  tp1,2048,16384,32,bfloat16,24,tiled@64x128,wmma_tiled_tuned,424.692,4,10
lag.gate_up  tp1,2048,16384,32,bfloat16,24,tiled@32x128,wmma_tiled_tuned,433.787,4,10
lag.gate_up  tp1,2048,16384,32,bfloat16,24,tiled@16x128,wmma_tiled_tuned,448.866,4,10
lag.gate_up  tp1,2048,16384,32,bfloat16,24,ash@64x128,prefill_wmma_ashuffle,451.219,4,10
lag.gate_up  tp1,2048,16384,32,bfloat16,24,ash@32x128,prefill_wmma_ashuffle,483.258,4,10
lag.gate_up  tp1,2048,16384,32,bfloat16,24,tiled@384x128,wmma_tiled_tuned,513.345,3,10
lag.gate_up  tp1,2048,16384,32,bfloat16,24,ash@512x128,prefill_wmma_ashuffle,540.428,3,10
lag.gate_up  tp1,2048,16384,32,bfloat16,24,tiled@512x128,wmma_tiled_tuned,560.189,3,10
lag.gate_up  tp1,2048,16384,32,bfloat16,24,tiled@256x256,wmma_tiled_tuned,593.962,3,10
lag.gate_up  tp1,2048,16384,32,bfloat16,24,prefill:smallm_off,prefill_wmma,619.751,3,10
lag.gate_up  tp1,2048,16384,32,bfloat16,24,ash@16x128,prefill_wmma_ashuffle,627.501,3,10
lag.gate_up  tp1,2048,16384,32,bfloat16,32,tiled@256x128,wmma_tiled_tuned,195.689,9,10
lag.gate_up  tp1,2048,16384,32,bfloat16,32,ash@256x128,prefill_wmma_ashuffle,208.254,9,10
lag.gate_up  tp1,2048,16384,32,bfloat16,32,prefill,prefill_wmma,243.980,7,10
lag.gate_up  tp1,2048,16384,32,bfloat16,32,ash@256x256,prefill_wmma_ashuffle,387.336,5,10
lag.gate_up  tp1,2048,16384,32,bfloat16,32,tiled@128x128,wmma_tiled_tuned,404.993,4,10
lag.gate_up  tp1,2048,16384,32,bfloat16,32,ash@384x128,prefill_wmma_ashuffle,414.438,4,10
lag.gate_up  tp1,2048,16384,32,bfloat16,32,ash@128x128,prefill_wmma_ashuffle,420.363,4,10
lag.gate_up  tp1,2048,16384,32,bfloat16,32,tiled@64x128,wmma_tiled_tuned,432.599,4,10
lag.gate_up  tp1,2048,16384,32,bfloat16,32,tiled@32x128,wmma_tiled_tuned,436.844,4,10
lag.gate_up  tp1,2048,16384,32,bfloat16,32,tiled@16x128,wmma_tiled_tuned,461.292,4,10
lag.gate_up  tp1,2048,16384,32,bfloat16,32,ash@64x128,prefill_wmma_ashuffle,463.348,4,10
lag.gate_up  tp1,2048,16384,32,bfloat16,32,ash@512x128,prefill_wmma_ashuffle,481.204,3,10
lag.gate_up  tp1,2048,16384,32,bfloat16,32,tiled@384x128,wmma_tiled_tuned,501.391,3,10
lag.gate_up  tp1,2048,16384,32,bfloat16,32,ash@32x128,prefill_wmma_ashuffle,505.967,3,10
lag.gate_up  tp1,2048,16384,32,bfloat16,32,tiled@512x128,wmma_tiled_tuned,559.226,3,10
lag.gate_up  tp1,2048,16384,32,bfloat16,32,tiled@256x256,wmma_tiled_tuned,596.658,3,10
lag.gate_up  tp1,2048,16384,32,bfloat16,32,prefill:smallm_off,prefill_wmma,628.878,3,10
lag.gate_up  tp1,2048,16384,32,bfloat16,32,ash@16x128,prefill_wmma_ashuffle,629.027,3,10
lag.gate_up  tp1,2048,16384,32,bfloat16,48,tiled@256x128,wmma_tiled_tuned,198.960,9,10
lag.gate_up  tp1,2048,16384,32,bfloat16,48,ash@256x128,prefill_wmma_ashuffle,219.616,9,10
lag.gate_up  tp1,2048,16384,32,bfloat16,48,prefill,prefill_wmma,262.557,7,10
lag.gate_up  tp1,2048,16384,32,bfloat16,48,ash@384x128,prefill_wmma_ashuffle,320.347,6,10
lag.gate_up  tp1,2048,16384,32,bfloat16,48,ash@256x256,prefill_wmma_ashuffle,395.059,5,10
lag.gate_up  tp1,2048,16384,32,bfloat16,48,tiled@128x128,wmma_tiled_tuned,399.938,5,10
lag.gate_up  tp1,2048,16384,32,bfloat16,48,tiled@32x128,wmma_tiled_tuned,430.846,4,10
lag.gate_up  tp1,2048,16384,32,bfloat16,48,ash@128x128,prefill_wmma_ashuffle,432.163,4,10
lag.gate_up  tp1,2048,16384,32,bfloat16,48,tiled@64x128,wmma_tiled_tuned,442.287,4,10
lag.gate_up  tp1,2048,16384,32,bfloat16,48,ash@512x128,prefill_wmma_ashuffle,455.900,3,10
lag.gate_up  tp1,2048,16384,32,bfloat16,48,tiled@16x128,wmma_tiled_tuned,465.298,4,10
lag.gate_up  tp1,2048,16384,32,bfloat16,48,ash@64x128,prefill_wmma_ashuffle,486.462,4,10
lag.gate_up  tp1,2048,16384,32,bfloat16,48,tiled@384x128,wmma_tiled_tuned,513.471,3,10
lag.gate_up  tp1,2048,16384,32,bfloat16,48,tiled@512x128,wmma_tiled_tuned,543.360,3,10
lag.gate_up  tp1,2048,16384,32,bfloat16,48,ash@32x128,prefill_wmma_ashuffle,550.342,3,10
lag.gate_up  tp1,2048,16384,32,bfloat16,48,tiled@256x256,wmma_tiled_tuned,593.967,3,10
lag.gate_up  tp1,2048,16384,32,bfloat16,48,prefill:smallm_off,prefill_wmma,603.088,3,10
lag.gate_up  tp1,2048,16384,32,bfloat16,48,ash@16x128,prefill_wmma_ashuffle,1124.120,2,10
lag.gate_up  tp1,2048,16384,32,bfloat16,63,tiled@256x128,wmma_tiled_tuned,196.575,9,10
lag.gate_up  tp1,2048,16384,32,bfloat16,63,ash@256x128,prefill_wmma_ashuffle,230.739,8,10
lag.gate_up  tp1,2048,16384,32,bfloat16,63,prefill,prefill_wmma,288.065,6,10
lag.gate_up  tp1,2048,16384,32,bfloat16,63,ash@384x128,prefill_wmma_ashuffle,331.810,5,10
lag.gate_up  tp1,2048,16384,32,bfloat16,63,tiled@128x128,wmma_tiled_tuned,398.190,4,10
lag.gate_up  tp1,2048,16384,32,bfloat16,63,ash@256x256,prefill_wmma_ashuffle,404.757,4,10
lag.gate_up  tp1,2048,16384,32,bfloat16,63,tiled@32x128,wmma_tiled_tuned,442.129,4,10
lag.gate_up  tp1,2048,16384,32,bfloat16,63,ash@128x128,prefill_wmma_ashuffle,444.171,4,10
lag.gate_up  tp1,2048,16384,32,bfloat16,63,tiled@64x128,wmma_tiled_tuned,448.613,4,10
lag.gate_up  tp1,2048,16384,32,bfloat16,63,ash@512x128,prefill_wmma_ashuffle,449.898,3,10
lag.gate_up  tp1,2048,16384,32,bfloat16,63,tiled@16x128,wmma_tiled_tuned,485.789,4,10
lag.gate_up  tp1,2048,16384,32,bfloat16,63,ash@64x128,prefill_wmma_ashuffle,508.480,3,10
lag.gate_up  tp1,2048,16384,32,bfloat16,63,ash@32x128,prefill_wmma_ashuffle,509.211,3,10
lag.gate_up  tp1,2048,16384,32,bfloat16,63,tiled@384x128,wmma_tiled_tuned,512.948,4,10
lag.gate_up  tp1,2048,16384,32,bfloat16,63,tiled@512x128,wmma_tiled_tuned,520.867,3,10
lag.gate_up  tp1,2048,16384,32,bfloat16,63,tiled@256x256,wmma_tiled_tuned,595.350,3,10
lag.gate_up  tp1,2048,16384,32,bfloat16,63,prefill:smallm_off,prefill_wmma,684.284,2,10
lag.gate_up  tp1,2048,16384,32,bfloat16,63,ash@16x128,prefill_wmma_ashuffle,1267.036,2,10
lag.gate_up  tp1,2048,16384,32,bfloat16,64,tiled@256x128,wmma_tiled_tuned,196.793,10,10
lag.gate_up  tp1,2048,16384,32,bfloat16,64,ash@256x128,prefill_wmma_ashuffle,230.894,8,10
lag.gate_up  tp1,2048,16384,32,bfloat16,64,prefill,prefill_wmma,288.843,6,10
lag.gate_up  tp1,2048,16384,32,bfloat16,64,ash@384x128,prefill_wmma_ashuffle,332.855,5,10
lag.gate_up  tp1,2048,16384,32,bfloat16,64,tiled@128x128,wmma_tiled_tuned,398.298,4,10
lag.gate_up  tp1,2048,16384,32,bfloat16,64,ash@256x256,prefill_wmma_ashuffle,406.287,4,10
lag.gate_up  tp1,2048,16384,32,bfloat16,64,ash@128x128,prefill_wmma_ashuffle,444.534,4,10
lag.gate_up  tp1,2048,16384,32,bfloat16,64,tiled@32x128,wmma_tiled_tuned,446.053,4,10
lag.gate_up  tp1,2048,16384,32,bfloat16,64,tiled@64x128,wmma_tiled_tuned,448.815,4,10
lag.gate_up  tp1,2048,16384,32,bfloat16,64,ash@512x128,prefill_wmma_ashuffle,482.901,3,10
lag.gate_up  tp1,2048,16384,32,bfloat16,64,tiled@16x128,wmma_tiled_tuned,488.304,4,10
lag.gate_up  tp1,2048,16384,32,bfloat16,64,ash@64x128,prefill_wmma_ashuffle,508.983,3,10
lag.gate_up  tp1,2048,16384,32,bfloat16,64,ash@32x128,prefill_wmma_ashuffle,509.538,3,10
lag.gate_up  tp1,2048,16384,32,bfloat16,64,tiled@384x128,wmma_tiled_tuned,511.822,3,10
lag.gate_up  tp1,2048,16384,32,bfloat16,64,tiled@512x128,wmma_tiled_tuned,550.758,3,10
lag.gate_up  tp1,2048,16384,32,bfloat16,64,tiled@256x256,wmma_tiled_tuned,591.039,3,10
lag.gate_up  tp1,2048,16384,32,bfloat16,64,prefill:smallm_off,prefill_wmma,669.719,2,10
lag.gate_up  tp1,2048,16384,32,bfloat16,64,ash@16x128,prefill_wmma_ashuffle,1292.016,2,10
lag.gate_up  tp1,2048,16384,32,bfloat16,128,tiled@256x128,wmma_tiled_tuned,210.969,9,10
lag.gate_up  tp1,2048,16384,32,bfloat16,128,ash@256x128,prefill_wmma_ashuffle,289.678,6,10
lag.gate_up  tp1,2048,16384,32,bfloat16,128,tiled@128x128,wmma_tiled_tuned,408.921,4,10
lag.gate_up  tp1,2048,16384,32,bfloat16,128,tiled@64x128,wmma_tiled_tuned,436.029,4,10
lag.gate_up  tp1,2048,16384,32,bfloat16,128,tiled@32x128,wmma_tiled_tuned,440.171,4,10
lag.gate_up  tp1,2048,16384,32,bfloat16,128,tiled@384x128,wmma_tiled_tuned,451.160,4,10
lag.gate_up  tp1,2048,16384,32,bfloat16,128,ash@256x256,prefill_wmma_ashuffle,461.096,4,10
lag.gate_up  tp1,2048,16384,32,bfloat16,128,tiled@512x128,wmma_tiled_tuned,474.699,4,10
lag.gate_up  tp1,2048,16384,32,bfloat16,128,ash@128x128,prefill_wmma_ashuffle,485.336,4,10
lag.gate_up  tp1,2048,16384,32,bfloat16,128,ash@64x128,prefill_wmma_ashuffle,492.974,4,10
lag.gate_up  tp1,2048,16384,32,bfloat16,128,ash@384x128,prefill_wmma_ashuffle,502.420,3,10
lag.gate_up  tp1,2048,16384,32,bfloat16,128,tiled@256x256,wmma_tiled_tuned,606.898,3,10
lag.gate_up  tp1,2048,16384,32,bfloat16,128,ash@512x128,prefill_wmma_ashuffle,640.093,2,10
lag.gate_up  tp1,2048,16384,32,bfloat16,128,prefill:smallm_off,prefill_wmma,745.490,2,10
lag.gate_up  tp1,2048,16384,32,bfloat16,128,prefill,prefill_wmma,749.211,2,10
lag.gate_up  tp1,2048,16384,32,bfloat16,128,ash@32x128,prefill_wmma_ashuffle,989.668,2,10
lag.gate_up  tp1,2048,16384,32,bfloat16,128,tiled@16x128,wmma_tiled_tuned,1310.584,2,10
lag.gate_up  tp1,2048,16384,32,bfloat16,128,ash@16x128,prefill_wmma_ashuffle,2285.446,2,10
lag.gate_up  tp1,2048,16384,32,bfloat16,256,tiled@256x128,wmma_tiled_tuned,248.951,7,10
lag.gate_up  tp1,2048,16384,32,bfloat16,256,ash@256x128,prefill_wmma_ashuffle,422.731,4,10
lag.gate_up  tp1,2048,16384,32,bfloat16,256,tiled@384x128,wmma_tiled_tuned,437.944,4,10
lag.gate_up  tp1,2048,16384,32,bfloat16,256,tiled@512x128,wmma_tiled_tuned,461.517,4,10
lag.gate_up  tp1,2048,16384,32,bfloat16,256,tiled@128x128,wmma_tiled_tuned,471.414,4,10
lag.gate_up  tp1,2048,16384,32,bfloat16,256,ash@256x256,prefill_wmma_ashuffle,553.220,3,10
lag.gate_up  tp1,2048,16384,32,bfloat16,256,ash@128x128,prefill_wmma_ashuffle,564.657,3,10
lag.gate_up  tp1,2048,16384,32,bfloat16,256,ash@64x128,prefill_wmma_ashuffle,635.748,3,10
lag.gate_up  tp1,2048,16384,32,bfloat16,256,tiled@256x256,wmma_tiled_tuned,642.704,3,10
lag.gate_up  tp1,2048,16384,32,bfloat16,256,ash@384x128,prefill_wmma_ashuffle,658.613,3,10
lag.gate_up  tp1,2048,16384,32,bfloat16,256,tiled@64x128,wmma_tiled_tuned,774.791,2,10
lag.gate_up  tp1,2048,16384,32,bfloat16,256,ash@512x128,prefill_wmma_ashuffle,788.989,2,10
lag.gate_up  tp1,2048,16384,32,bfloat16,256,tiled@32x128,wmma_tiled_tuned,928.891,2,10
lag.gate_up  tp1,2048,16384,32,bfloat16,256,prefill,prefill_wmma,955.727,2,10
lag.gate_up  tp1,2048,16384,32,bfloat16,256,prefill:smallm_off,prefill_wmma,969.944,2,10
lag.gate_up  tp1,2048,16384,32,bfloat16,256,ash@32x128,prefill_wmma_ashuffle,1606.772,2,10
lag.gate_up  tp1,2048,16384,32,bfloat16,256,tiled@16x128,wmma_tiled_tuned,2374.081,2,10
lag.gate_up  tp1,2048,16384,32,bfloat16,256,ash@16x128,prefill_wmma_ashuffle,4085.499,2,10
lag.gate_up  tp1,2048,16384,32,bfloat16,512,tiled@256x128,wmma_tiled_tuned,464.419,4,10
lag.gate_up  tp1,2048,16384,32,bfloat16,512,tiled@128x128,wmma_tiled_tuned,690.996,2,10
lag.gate_up  tp1,2048,16384,32,bfloat16,512,tiled@384x128,wmma_tiled_tuned,749.961,2,10
lag.gate_up  tp1,2048,16384,32,bfloat16,512,tiled@512x128,wmma_tiled_tuned,803.931,2,10
lag.gate_up  tp1,2048,16384,32,bfloat16,512,ash@256x128,prefill_wmma_ashuffle,845.270,2,10
lag.gate_up  tp1,2048,16384,32,bfloat16,512,ash@512x128,prefill_wmma_ashuffle,875.484,2,10
lag.gate_up  tp1,2048,16384,32,bfloat16,512,ash@128x128,prefill_wmma_ashuffle,1005.300,2,10
lag.gate_up  tp1,2048,16384,32,bfloat16,512,ash@384x128,prefill_wmma_ashuffle,1070.189,2,10
lag.gate_up  tp1,2048,16384,32,bfloat16,512,ash@256x256,prefill_wmma_ashuffle,1160.754,2,10
lag.gate_up  tp1,2048,16384,32,bfloat16,512,ash@64x128,prefill_wmma_ashuffle,1209.281,2,10
lag.gate_up  tp1,2048,16384,32,bfloat16,512,tiled@256x256,wmma_tiled_tuned,1334.141,2,10
lag.gate_up  tp1,2048,16384,32,bfloat16,512,tiled@64x128,wmma_tiled_tuned,1428.312,2,10
lag.gate_up  tp1,2048,16384,32,bfloat16,512,prefill,prefill_wmma,1843.598,2,10
lag.gate_up  tp1,2048,16384,32,bfloat16,512,prefill:smallm_off,prefill_wmma,1844.270,2,10
lag.gate_up  tp1,2048,16384,32,bfloat16,512,tiled@32x128,wmma_tiled_tuned,1891.225,2,10
lag.gate_up  tp1,2048,16384,32,bfloat16,512,ash@32x128,prefill_wmma_ashuffle,2709.030,2,10
lag.gate_up  tp1,2048,16384,32,bfloat16,512,tiled@16x128,wmma_tiled_tuned,4081.413,2,10
lag.gate_up  tp1,2048,16384,32,bfloat16,512,ash@16x128,prefill_wmma_ashuffle,7701.418,2,10
lag.gate_up  tp1,2048,16384,32,bfloat16,2048,tiled@256x128,wmma_tiled_tuned,1967.044,2,10
lag.gate_up  tp1,2048,16384,32,bfloat16,2048,tiled@512x128,wmma_tiled_tuned,2031.477,2,10
lag.gate_up  tp1,2048,16384,32,bfloat16,2048,tiled@128x128,wmma_tiled_tuned,2359.513,2,10
lag.gate_up  tp1,2048,16384,32,bfloat16,2048,tiled@384x128,wmma_tiled_tuned,2441.048,2,10
lag.gate_up  tp1,2048,16384,32,bfloat16,2048,ash@512x128,prefill_wmma_ashuffle,2813.254,2,10
lag.gate_up  tp1,2048,16384,32,bfloat16,2048,ash@256x128,prefill_wmma_ashuffle,2876.400,2,10
lag.gate_up  tp1,2048,16384,32,bfloat16,2048,tiled@64x128,wmma_tiled_tuned,3208.281,2,10
lag.gate_up  tp1,2048,16384,32,bfloat16,2048,ash@128x128,prefill_wmma_ashuffle,3344.449,2,10
lag.gate_up  tp1,2048,16384,32,bfloat16,2048,ash@256x256,prefill_wmma_ashuffle,3350.113,2,10
lag.gate_up  tp1,2048,16384,32,bfloat16,2048,ash@384x128,prefill_wmma_ashuffle,3448.775,2,10
lag.gate_up  tp1,2048,16384,32,bfloat16,2048,ash@64x128,prefill_wmma_ashuffle,4013.390,2,10
lag.gate_up  tp1,2048,16384,32,bfloat16,2048,tiled@256x256,wmma_tiled_tuned,4514.368,2,10
lag.gate_up  tp1,2048,16384,32,bfloat16,2048,tiled@32x128,wmma_tiled_tuned,5033.349,2,10
lag.gate_up  tp1,2048,16384,32,bfloat16,2048,prefill,prefill_wmma,7116.744,2,10
lag.gate_up  tp1,2048,16384,32,bfloat16,2048,prefill:smallm_off,prefill_wmma,7155.923,2,10
lag.gate_up  tp1,2048,16384,32,bfloat16,2048,ash@32x128,prefill_wmma_ashuffle,8476.678,2,10
lag.gate_up  tp1,2048,16384,32,bfloat16,2048,tiled@16x128,wmma_tiled_tuned,15752.266,2,10
lag.gate_up  tp1,2048,16384,32,bfloat16,2048,ash@16x128,prefill_wmma_ashuffle,26047.604,2,10
q27.gate_up  tp1,5120,34816,32,bfloat16,17,prefill,prefill_wmma,797.030,7,3
q27.gate_up  tp1,5120,34816,32,bfloat16,17,ash@256x128,prefill_wmma_ashuffle,951.196,7,3
q27.gate_up  tp1,5120,34816,32,bfloat16,17,tiled@256x128,wmma_tiled_tuned,982.272,6,3
q27.gate_up  tp1,5120,34816,32,bfloat16,17,tiled@128x128,wmma_tiled_tuned,989.370,6,3
q27.gate_up  tp1,5120,34816,32,bfloat16,17,ash@128x128,prefill_wmma_ashuffle,1191.287,4,3
q27.gate_up  tp1,5120,34816,32,bfloat16,17,tiled@16x128,wmma_tiled_tuned,1586.951,3,3
q27.gate_up  tp1,5120,34816,32,bfloat16,17,ash@256x256,prefill_wmma_ashuffle,1663.419,3,3
q27.gate_up  tp1,5120,34816,32,bfloat16,17,tiled@32x128,wmma_tiled_tuned,1667.326,3,3
q27.gate_up  tp1,5120,34816,32,bfloat16,17,ash@384x128,prefill_wmma_ashuffle,1756.847,3,3
q27.gate_up  tp1,5120,34816,32,bfloat16,17,ash@64x128,prefill_wmma_ashuffle,1829.515,3,3
q27.gate_up  tp1,5120,34816,32,bfloat16,17,tiled@384x128,wmma_tiled_tuned,1864.857,3,3
q27.gate_up  tp1,5120,34816,32,bfloat16,17,ash@32x128,prefill_wmma_ashuffle,1889.556,3,3
q27.gate_up  tp1,5120,34816,32,bfloat16,17,tiled@64x128,wmma_tiled_tuned,2005.144,3,3
q27.gate_up  tp1,5120,34816,32,bfloat16,17,tiled@512x128,wmma_tiled_tuned,2101.825,3,3
q27.gate_up  tp1,5120,34816,32,bfloat16,17,ash@512x128,prefill_wmma_ashuffle,2307.326,2,3
q27.gate_up  tp1,5120,34816,32,bfloat16,17,prefill:smallm_off,prefill_wmma,2698.771,2,3
q27.gate_up  tp1,5120,34816,32,bfloat16,17,tiled@256x256,wmma_tiled_tuned,3163.538,2,3
q27.gate_up  tp1,5120,34816,32,bfloat16,17,ash@16x128,prefill_wmma_ashuffle,3283.133,2,3
q27.gate_up  tp1,5120,34816,32,bfloat16,24,prefill,prefill_wmma,822.480,8,3
q27.gate_up  tp1,5120,34816,32,bfloat16,24,ash@256x128,prefill_wmma_ashuffle,963.029,7,3
q27.gate_up  tp1,5120,34816,32,bfloat16,24,tiled@128x128,wmma_tiled_tuned,975.611,6,3
q27.gate_up  tp1,5120,34816,32,bfloat16,24,tiled@256x128,wmma_tiled_tuned,976.676,6,3
q27.gate_up  tp1,5120,34816,32,bfloat16,24,ash@128x128,prefill_wmma_ashuffle,1181.393,5,3
q27.gate_up  tp1,5120,34816,32,bfloat16,24,ash@256x256,prefill_wmma_ashuffle,1651.841,3,3
q27.gate_up  tp1,5120,34816,32,bfloat16,24,tiled@32x128,wmma_tiled_tuned,1662.397,3,3
q27.gate_up  tp1,5120,34816,32,bfloat16,24,ash@64x128,prefill_wmma_ashuffle,1675.126,3,3
q27.gate_up  tp1,5120,34816,32,bfloat16,24,tiled@16x128,wmma_tiled_tuned,1684.024,3,3
q27.gate_up  tp1,5120,34816,32,bfloat16,24,ash@384x128,prefill_wmma_ashuffle,1725.047,3,3
q27.gate_up  tp1,5120,34816,32,bfloat16,24,tiled@384x128,wmma_tiled_tuned,1829.652,3,3
q27.gate_up  tp1,5120,34816,32,bfloat16,24,ash@32x128,prefill_wmma_ashuffle,1889.764,3,3
q27.gate_up  tp1,5120,34816,32,bfloat16,24,tiled@64x128,wmma_tiled_tuned,2026.317,3,3
q27.gate_up  tp1,5120,34816,32,bfloat16,24,tiled@512x128,wmma_tiled_tuned,2068.625,3,3
q27.gate_up  tp1,5120,34816,32,bfloat16,24,ash@512x128,prefill_wmma_ashuffle,2188.584,2,3
q27.gate_up  tp1,5120,34816,32,bfloat16,24,prefill:smallm_off,prefill_wmma,2695.478,2,3
q27.gate_up  tp1,5120,34816,32,bfloat16,24,ash@16x128,prefill_wmma_ashuffle,3133.931,2,3
q27.gate_up  tp1,5120,34816,32,bfloat16,24,tiled@256x256,wmma_tiled_tuned,3201.892,2,3
q27.gate_up  tp1,5120,34816,32,bfloat16,32,prefill,prefill_wmma,869.681,7,3
q27.gate_up  tp1,5120,34816,32,bfloat16,32,ash@256x128,prefill_wmma_ashuffle,969.031,6,3
q27.gate_up  tp1,5120,34816,32,bfloat16,32,tiled@128x128,wmma_tiled_tuned,969.683,6,3
q27.gate_up  tp1,5120,34816,32,bfloat16,32,tiled@256x128,wmma_tiled_tuned,986.265,6,3
q27.gate_up  tp1,5120,34816,32,bfloat16,32,ash@128x128,prefill_wmma_ashuffle,1224.983,5,3
q27.gate_up  tp1,5120,34816,32,bfloat16,32,ash@256x256,prefill_wmma_ashuffle,1647.112,3,3
q27.gate_up  tp1,5120,34816,32,bfloat16,32,tiled@32x128,wmma_tiled_tuned,1676.455,3,3
q27.gate_up  tp1,5120,34816,32,bfloat16,32,tiled@16x128,wmma_tiled_tuned,1692.864,3,3
q27.gate_up  tp1,5120,34816,32,bfloat16,32,tiled@384x128,wmma_tiled_tuned,1829.581,3,3
q27.gate_up  tp1,5120,34816,32,bfloat16,32,ash@64x128,prefill_wmma_ashuffle,1865.524,3,3
q27.gate_up  tp1,5120,34816,32,bfloat16,32,ash@384x128,prefill_wmma_ashuffle,1869.653,3,3
q27.gate_up  tp1,5120,34816,32,bfloat16,32,ash@32x128,prefill_wmma_ashuffle,1996.997,3,3
q27.gate_up  tp1,5120,34816,32,bfloat16,32,tiled@64x128,wmma_tiled_tuned,1997.828,3,3
q27.gate_up  tp1,5120,34816,32,bfloat16,32,tiled@512x128,wmma_tiled_tuned,2077.891,3,3
q27.gate_up  tp1,5120,34816,32,bfloat16,32,ash@512x128,prefill_wmma_ashuffle,2189.371,2,3
q27.gate_up  tp1,5120,34816,32,bfloat16,32,prefill:smallm_off,prefill_wmma,2774.439,2,3
q27.gate_up  tp1,5120,34816,32,bfloat16,32,ash@16x128,prefill_wmma_ashuffle,3050.543,2,3
q27.gate_up  tp1,5120,34816,32,bfloat16,32,tiled@256x256,wmma_tiled_tuned,3152.958,2,3
q27.gate_up  tp1,5120,34816,32,bfloat16,48,tiled@256x128,wmma_tiled_tuned,990.654,6,3
q27.gate_up  tp1,5120,34816,32,bfloat16,48,tiled@128x128,wmma_tiled_tuned,999.534,6,3
q27.gate_up  tp1,5120,34816,32,bfloat16,48,prefill,prefill_wmma,1001.872,6,3
q27.gate_up  tp1,5120,34816,32,bfloat16,48,ash@256x128,prefill_wmma_ashuffle,1046.599,6,3
q27.gate_up  tp1,5120,34816,32,bfloat16,48,ash@128x128,prefill_wmma_ashuffle,1319.895,4,3
q27.gate_up  tp1,5120,34816,32,bfloat16,48,ash@256x256,prefill_wmma_ashuffle,1705.957,3,3
q27.gate_up  tp1,5120,34816,32,bfloat16,48,tiled@384x128,wmma_tiled_tuned,1811.474,3,3
q27.gate_up  tp1,5120,34816,32,bfloat16,48,ash@384x128,prefill_wmma_ashuffle,1882.498,3,3
q27.gate_up  tp1,5120,34816,32,bfloat16,48,ash@64x128,prefill_wmma_ashuffle,1928.609,3,3
q27.gate_up  tp1,5120,34816,32,bfloat16,48,tiled@512x128,wmma_tiled_tuned,2066.202,3,3
q27.gate_up  tp1,5120,34816,32,bfloat16,48,tiled@64x128,wmma_tiled_tuned,2207.711,3,3
q27.gate_up  tp1,5120,34816,32,bfloat16,48,ash@512x128,prefill_wmma_ashuffle,2295.292,2,3
q27.gate_up  tp1,5120,34816,32,bfloat16,48,tiled@16x128,wmma_tiled_tuned,2364.980,2,3
q27.gate_up  tp1,5120,34816,32,bfloat16,48,tiled@32x128,wmma_tiled_tuned,2507.335,2,3
q27.gate_up  tp1,5120,34816,32,bfloat16,48,ash@32x128,prefill_wmma_ashuffle,2841.327,2,3
q27.gate_up  tp1,5120,34816,32,bfloat16,48,prefill:smallm_off,prefill_wmma,2909.801,2,3
q27.gate_up  tp1,5120,34816,32,bfloat16,48,tiled@256x256,wmma_tiled_tuned,3190.865,2,3
q27.gate_up  tp1,5120,34816,32,bfloat16,48,ash@16x128,prefill_wmma_ashuffle,4195.279,2,3
q27.gate_up  tp1,5120,34816,32,bfloat16,63,tiled@128x128,wmma_tiled_tuned,1001.732,6,3
q27.gate_up  tp1,5120,34816,32,bfloat16,63,tiled@256x128,wmma_tiled_tuned,1008.508,6,3
q27.gate_up  tp1,5120,34816,32,bfloat16,63,prefill,prefill_wmma,1172.099,5,3
q27.gate_up  tp1,5120,34816,32,bfloat16,63,ash@256x128,prefill_wmma_ashuffle,1174.785,5,3
q27.gate_up  tp1,5120,34816,32,bfloat16,63,ash@128x128,prefill_wmma_ashuffle,1412.173,4,3
q27.gate_up  tp1,5120,34816,32,bfloat16,63,ash@256x256,prefill_wmma_ashuffle,1775.567,3,3
q27.gate_up  tp1,5120,34816,32,bfloat16,63,tiled@384x128,wmma_tiled_tuned,1815.599,3,3
q27.gate_up  tp1,5120,34816,32,bfloat16,63,ash@64x128,prefill_wmma_ashuffle,1983.761,3,3
q27.gate_up  tp1,5120,34816,32,bfloat16,63,ash@384x128,prefill_wmma_ashuffle,2013.664,3,3
q27.gate_up  tp1,5120,34816,32,bfloat16,63,tiled@512x128,wmma_tiled_tuned,2062.313,3,3
q27.gate_up  tp1,5120,34816,32,bfloat16,63,tiled@64x128,wmma_tiled_tuned,2068.447,3,3
q27.gate_up  tp1,5120,34816,32,bfloat16,63,ash@32x128,prefill_wmma_ashuffle,2127.346,3,3
q27.gate_up  tp1,5120,34816,32,bfloat16,63,ash@512x128,prefill_wmma_ashuffle,2250.219,2,3
q27.gate_up  tp1,5120,34816,32,bfloat16,63,tiled@32x128,wmma_tiled_tuned,2352.827,2,3
q27.gate_up  tp1,5120,34816,32,bfloat16,63,tiled@16x128,wmma_tiled_tuned,2385.407,2,3
q27.gate_up  tp1,5120,34816,32,bfloat16,63,prefill:smallm_off,prefill_wmma,2820.280,2,3
q27.gate_up  tp1,5120,34816,32,bfloat16,63,tiled@256x256,wmma_tiled_tuned,3185.792,2,3
q27.gate_up  tp1,5120,34816,32,bfloat16,63,ash@16x128,prefill_wmma_ashuffle,5693.354,2,3
q27.gate_up  tp1,5120,34816,32,bfloat16,64,tiled@256x128,wmma_tiled_tuned,1002.110,6,3
q27.gate_up  tp1,5120,34816,32,bfloat16,64,tiled@128x128,wmma_tiled_tuned,1037.244,6,3
q27.gate_up  tp1,5120,34816,32,bfloat16,64,prefill,prefill_wmma,1173.273,5,3
q27.gate_up  tp1,5120,34816,32,bfloat16,64,ash@256x128,prefill_wmma_ashuffle,1176.838,5,3
q27.gate_up  tp1,5120,34816,32,bfloat16,64,ash@128x128,prefill_wmma_ashuffle,1416.187,4,3
q27.gate_up  tp1,5120,34816,32,bfloat16,64,tiled@384x128,wmma_tiled_tuned,1766.074,3,3
q27.gate_up  tp1,5120,34816,32,bfloat16,64,ash@256x256,prefill_wmma_ashuffle,1771.949,3,3
q27.gate_up  tp1,5120,34816,32,bfloat16,64,ash@64x128,prefill_wmma_ashuffle,1985.086,3,3
q27.gate_up  tp1,5120,34816,32,bfloat16,64,ash@384x128,prefill_wmma_ashuffle,2060.509,3,3
q27.gate_up  tp1,5120,34816,32,bfloat16,64,tiled@512x128,wmma_tiled_tuned,2075.585,3,3
q27.gate_up  tp1,5120,34816,32,bfloat16,64,ash@32x128,prefill_wmma_ashuffle,2123.919,3,3
q27.gate_up  tp1,5120,34816,32,bfloat16,64,tiled@64x128,wmma_tiled_tuned,2223.098,3,3
q27.gate_up  tp1,5120,34816,32,bfloat16,64,ash@512x128,prefill_wmma_ashuffle,2264.245,2,3
q27.gate_up  tp1,5120,34816,32,bfloat16,64,tiled@16x128,wmma_tiled_tuned,2448.181,2,3
q27.gate_up  tp1,5120,34816,32,bfloat16,64,tiled@32x128,wmma_tiled_tuned,2500.182,2,3
q27.gate_up  tp1,5120,34816,32,bfloat16,64,prefill:smallm_off,prefill_wmma,2814.146,2,3
q27.gate_up  tp1,5120,34816,32,bfloat16,64,tiled@256x256,wmma_tiled_tuned,3220.085,2,3
q27.gate_up  tp1,5120,34816,32,bfloat16,64,ash@16x128,prefill_wmma_ashuffle,5768.628,2,3
q27.gate_up  tp1,5120,34816,32,bfloat16,128,tiled@256x128,wmma_tiled_tuned,1272.087,5,3
q27.gate_up  tp1,5120,34816,32,bfloat16,128,tiled@128x128,wmma_tiled_tuned,1285.738,5,3
q27.gate_up  tp1,5120,34816,32,bfloat16,128,ash@256x128,prefill_wmma_ashuffle,1432.437,4,3
q27.gate_up  tp1,5120,34816,32,bfloat16,128,tiled@64x128,wmma_tiled_tuned,1585.231,3,3
q27.gate_up  tp1,5120,34816,32,bfloat16,128,ash@64x128,prefill_wmma_ashuffle,1747.180,3,3
q27.gate_up  tp1,5120,34816,32,bfloat16,128,ash@128x128,prefill_wmma_ashuffle,1849.933,3,3
q27.gate_up  tp1,5120,34816,32,bfloat16,128,tiled@384x128,wmma_tiled_tuned,1943.956,3,3
q27.gate_up  tp1,5120,34816,32,bfloat16,128,ash@256x256,prefill_wmma_ashuffle,1992.126,3,3
q27.gate_up  tp1,5120,34816,32,bfloat16,128,tiled@512x128,wmma_tiled_tuned,2117.008,3,3
q27.gate_up  tp1,5120,34816,32,bfloat16,128,ash@384x128,prefill_wmma_ashuffle,2225.532,2,3
q27.gate_up  tp1,5120,34816,32,bfloat16,128,tiled@32x128,wmma_tiled_tuned,2325.333,2,3
q27.gate_up  tp1,5120,34816,32,bfloat16,128,ash@512x128,prefill_wmma_ashuffle,2371.154,2,3
q27.gate_up  tp1,5120,34816,32,bfloat16,128,tiled@256x256,wmma_tiled_tuned,3268.299,2,3
q27.gate_up  tp1,5120,34816,32,bfloat16,128,prefill,prefill_wmma,3381.374,2,3
q27.gate_up  tp1,5120,34816,32,bfloat16,128,prefill:smallm_off,prefill_wmma,3453.482,2,3
q27.gate_up  tp1,5120,34816,32,bfloat16,128,ash@32x128,prefill_wmma_ashuffle,3578.391,2,3
q27.gate_up  tp1,5120,34816,32,bfloat16,128,tiled@16x128,wmma_tiled_tuned,4096.258,2,3
q27.gate_up  tp1,5120,34816,32,bfloat16,128,ash@16x128,prefill_wmma_ashuffle,11889.688,2,3
q27.gate_up  tp1,5120,34816,32,bfloat16,256,tiled@256x128,wmma_tiled_tuned,1477.788,4,3
q27.gate_up  tp1,5120,34816,32,bfloat16,256,tiled@128x128,wmma_tiled_tuned,1717.322,3,3
q27.gate_up  tp1,5120,34816,32,bfloat16,256,ash@256x128,prefill_wmma_ashuffle,2083.603,3,3
q27.gate_up  tp1,5120,34816,32,bfloat16,256,tiled@64x128,wmma_tiled_tuned,2186.666,3,3
q27.gate_up  tp1,5120,34816,32,bfloat16,256,tiled@384x128,wmma_tiled_tuned,2230.316,3,3
q27.gate_up  tp1,5120,34816,32,bfloat16,256,tiled@512x128,wmma_tiled_tuned,2338.947,2,3
q27.gate_up  tp1,5120,34816,32,bfloat16,256,ash@128x128,prefill_wmma_ashuffle,2437.461,2,3
q27.gate_up  tp1,5120,34816,32,bfloat16,256,ash@256x256,prefill_wmma_ashuffle,2721.532,2,3
q27.gate_up  tp1,5120,34816,32,bfloat16,256,ash@512x128,prefill_wmma_ashuffle,2764.592,2,3
q27.gate_up  tp1,5120,34816,32,bfloat16,256,ash@64x128,prefill_wmma_ashuffle,2794.526,2,3
q27.gate_up  tp1,5120,34816,32,bfloat16,256,ash@384x128,prefill_wmma_ashuffle,2860.554,2,3
q27.gate_up  tp1,5120,34816,32,bfloat16,256,tiled@32x128,wmma_tiled_tuned,3251.066,2,3
q27.gate_up  tp1,5120,34816,32,bfloat16,256,tiled@256x256,wmma_tiled_tuned,3668.039,2,3
q27.gate_up  tp1,5120,34816,32,bfloat16,256,prefill,prefill_wmma,4632.566,2,3
q27.gate_up  tp1,5120,34816,32,bfloat16,256,prefill:smallm_off,prefill_wmma,4653.459,2,3
q27.gate_up  tp1,5120,34816,32,bfloat16,256,ash@32x128,prefill_wmma_ashuffle,5956.983,2,3
q27.gate_up  tp1,5120,34816,32,bfloat16,256,tiled@16x128,wmma_tiled_tuned,11613.396,2,3
q27.gate_up  tp1,5120,34816,32,bfloat16,256,ash@16x128,prefill_wmma_ashuffle,21852.262,2,3
q27.gate_up  tp1,5120,34816,32,bfloat16,512,tiled@256x128,wmma_tiled_tuned,2537.636,2,3
q27.gate_up  tp1,5120,34816,32,bfloat16,512,tiled@128x128,wmma_tiled_tuned,3433.035,2,3
q27.gate_up  tp1,5120,34816,32,bfloat16,512,ash@512x128,prefill_wmma_ashuffle,3668.499,2,3
q27.gate_up  tp1,5120,34816,32,bfloat16,512,ash@256x128,prefill_wmma_ashuffle,3792.334,2,3
q27.gate_up  tp1,5120,34816,32,bfloat16,512,tiled@384x128,wmma_tiled_tuned,3967.329,2,3
q27.gate_up  tp1,5120,34816,32,bfloat16,512,ash@128x128,prefill_wmma_ashuffle,4441.663,2,3
q27.gate_up  tp1,5120,34816,32,bfloat16,512,tiled@64x128,wmma_tiled_tuned,4511.157,2,3
q27.gate_up  tp1,5120,34816,32,bfloat16,512,ash@256x256,prefill_wmma_ashuffle,4633.359,2,3
q27.gate_up  tp1,5120,34816,32,bfloat16,512,tiled@512x128,wmma_tiled_tuned,4740.627,2,3
q27.gate_up  tp1,5120,34816,32,bfloat16,512,ash@384x128,prefill_wmma_ashuffle,5199.307,2,3
q27.gate_up  tp1,5120,34816,32,bfloat16,512,ash@64x128,prefill_wmma_ashuffle,5311.549,2,3
q27.gate_up  tp1,5120,34816,32,bfloat16,512,tiled@256x256,wmma_tiled_tuned,6209.962,2,3
q27.gate_up  tp1,5120,34816,32,bfloat16,512,tiled@32x128,wmma_tiled_tuned,8035.737,2,3
q27.gate_up  tp1,5120,34816,32,bfloat16,512,prefill:smallm_off,prefill_wmma,9001.087,2,3
q27.gate_up  tp1,5120,34816,32,bfloat16,512,prefill,prefill_wmma,9048.075,2,3
q27.gate_up  tp1,5120,34816,32,bfloat16,512,ash@32x128,prefill_wmma_ashuffle,11479.755,2,3
q27.gate_up  tp1,5120,34816,32,bfloat16,512,tiled@16x128,wmma_tiled_tuned,23209.620,2,3
q27.gate_up  tp1,5120,34816,32,bfloat16,512,ash@16x128,prefill_wmma_ashuffle,39710.055,2,3
q27.gate_up  tp1,5120,34816,32,bfloat16,2048,tiled@256x128,wmma_tiled_tuned,9401.194,2,3
q27.gate_up  tp1,5120,34816,32,bfloat16,2048,tiled@512x128,wmma_tiled_tuned,9788.652,2,3
q27.gate_up  tp1,5120,34816,32,bfloat16,2048,tiled@128x128,wmma_tiled_tuned,11350.188,2,3
q27.gate_up  tp1,5120,34816,32,bfloat16,2048,tiled@384x128,wmma_tiled_tuned,11998.583,2,3
q27.gate_up  tp1,5120,34816,32,bfloat16,2048,ash@512x128,prefill_wmma_ashuffle,14301.619,2,3
q27.gate_up  tp1,5120,34816,32,bfloat16,2048,ash@256x128,prefill_wmma_ashuffle,14644.662,2,3
q27.gate_up  tp1,5120,34816,32,bfloat16,2048,tiled@64x128,wmma_tiled_tuned,15740.251,2,3
q27.gate_up  tp1,5120,34816,32,bfloat16,2048,ash@256x256,prefill_wmma_ashuffle,17542.803,2,3
q27.gate_up  tp1,5120,34816,32,bfloat16,2048,ash@128x128,prefill_wmma_ashuffle,17586.753,2,3
q27.gate_up  tp1,5120,34816,32,bfloat16,2048,ash@384x128,prefill_wmma_ashuffle,18465.008,2,3
q27.gate_up  tp1,5120,34816,32,bfloat16,2048,ash@64x128,prefill_wmma_ashuffle,21117.296,2,3
q27.gate_up  tp1,5120,34816,32,bfloat16,2048,tiled@256x256,wmma_tiled_tuned,23628.270,2,3
q27.gate_up  tp1,5120,34816,32,bfloat16,2048,tiled@32x128,wmma_tiled_tuned,24611.997,2,3
q27.gate_up  tp1,5120,34816,32,bfloat16,2048,prefill:smallm_off,prefill_wmma,34885.844,2,3
q27.gate_up  tp1,5120,34816,32,bfloat16,2048,prefill,prefill_wmma,34902.135,2,3
q27.gate_up  tp1,5120,34816,32,bfloat16,2048,ash@32x128,prefill_wmma_ashuffle,45246.338,2,3
q27.gate_up  tp1,5120,34816,32,bfloat16,2048,tiled@16x128,wmma_tiled_tuned,85090.937,2,3
q27.gate_up  tp1,5120,34816,32,bfloat16,2048,ash@16x128,prefill_wmma_ashuffle,168274.801,2,3
