total rank0=1808.266s  rank1=1808.265s
buckets rank0:
   stageb.stream_next                1452.334
   ckpt.h2d                          1382.137
   arena.host_alloc                    73.218
   ckpt.safe_open                      39.988
   stageb.gc_collect                   21.812
   stageb.post_load                    17.541
   ckpt.shard                          12.857
   ckpt.nvfp4_prepass                   9.865
   ckpt.get_tensor                      6.400
   stageb.sink_place                    5.882
   ckpt.nvfp4_leaf_scales               2.436
   ckpt.expert_stack_add                1.615
buckets rank1:
   stageb.stream_next                1606.735
   ckpt.h2d                          1535.019
   arena.host_alloc                    88.884
   ckpt.safe_open                      40.856
   stageb.post_load                    36.096
   stageb.gc_collect                   21.966
   ckpt.shard                          12.752
   stageb.sink_place                    7.005
   ckpt.get_tensor                      6.860
   ckpt.nvfp4_leaf_scales               2.466
   ckpt.expert_stack_add                1.615
   ckpt.remap                           1.613
phases rank0:
   init_communication                   0.358
   model_construct_meta                 0.713
   weight_stream_tier_build             0.000
   weight_plan_resolve                  0.036
   arena_pin_attach                    89.049
    stage_b_enumerate_prepass           34.646
    stage_b_run                       1498.394
    stage_b_trailing_post_load           0.010
   weight_load                       1533.264
   ct_sign_verify                     148.694
   weight_offload_bind_seal             0.028
   kv_sizing                            0.165
   kv_pool_alloc                        0.008
   gdn_conv_warmup                      0.000
   ple_runtime_build                    0.014
   snapshot_host_arena                  0.000
   backends_init                        0.058
   graph_capture                       19.673
   canvas_capture                       0.000
   verify_arena_after_capture           0.020

chunk                       s0      s1    h2d0    h2d1   shd0   swin  swout  majfM   dirM  availG   arcG    ld
body                     31.21   41.05   26.63   36.80   2.86   0.91   0.31   5.83   0.18   14.17  11.12   6.7
layer-00000-experts       5.42    5.51    3.27    3.55   0.07   0.02   0.22   0.19   0.12   17.13   8.78   6.6
layer-00001-experts      50.97   51.15   48.68   48.85   0.22   0.73   1.81   5.73   0.85   22.95   3.01   7.5
layer-00002-experts      55.64   55.65   53.58   53.42   0.23   1.08   2.10   5.67   1.95   24.22   2.90   7.4
layer-00003-experts      61.75   61.46   59.73   59.41   0.17   1.86   2.64   6.06   2.59   23.78   2.96   7.5
layer-00004-experts      25.72   25.88   23.25   23.25   0.43   0.65   1.14   2.51   1.34   23.60   2.88   7.0
layer-00005-experts      28.20   69.17   26.10   44.95   0.10   0.69   1.05   2.68   1.08   23.69   2.88   7.0
layer-00006-experts      41.99   29.79   39.80   27.61   0.20   1.38   1.39   4.35   1.95   23.48   2.90   6.8
layer-00007-experts      28.84   33.45   21.34   31.50   0.41   0.73   1.41   2.54   0.95   23.73   2.89   7.8
layer-00008-experts      33.23   20.05   31.23   18.16   0.09   0.79   1.58   3.72   1.93   23.81   2.88   7.7
layer-00009-experts      13.03   49.74   11.06   47.55   0.08   0.29   0.53   1.28   1.25   23.88   2.89   7.7
layer-00010-experts       7.89   52.15    6.41   49.83   0.13   0.22   0.10   0.31   0.23   23.64   2.90   7.6
layer-00011-experts      48.88    1.73   46.63    0.35   0.19   1.08   2.46   4.86   3.25   23.83   2.90   8.0
layer-00012-experts      35.74   46.72   31.98   44.44   0.17   0.72   1.88   2.05   1.47   24.20   2.87   8.4
layer-00013-experts      17.62   39.53   15.67   37.37   0.19   1.09   0.98   1.14   0.46   22.70   3.08   8.2
layer-00014-experts      22.48   33.23   20.60   31.37   0.20   0.47   1.09   1.84   1.23   23.17   3.08   8.2
layer-00015-experts      24.52   35.45   22.59   33.46   0.14   0.77   1.10   2.22   0.98   24.03   2.86   8.8
layer-00016-experts      38.89    1.94   36.80    0.35   0.24   1.67   2.18   3.22   2.52   23.79   2.87   7.6
layer-00017-experts       1.70   33.86    0.24   31.57   0.11 
layer-00018-experts      67.80   15.47   65.75   13.04   0.21   4.32   5.11   7.08   2.39   24.02   2.88   7.2
layer-00019-experts       1.75   14.38    0.22   12.68   0.08   0.00   0.10   0.00   0.00   23.56   2.88   7.2
layer-00020-experts      34.39   34.31   32.49   31.96   0.11   3.84   4.43   2.43   1.30   24.03   2.89   6.4
layer-00021-experts      22.77   39.94   16.80   37.58   0.42   2.03   2.27   1.00   1.23   23.71   2.89   7.1
layer-00022-experts      40.52   31.45   38.16   28.84   0.36   4.42   5.10   2.23   2.34   23.27   2.89   7.0
layer-00023-experts      40.52    2.07   38.16    0.37   0.23   4.41   5.05   2.33   3.59   24.15   2.89   7.1
layer-00024-experts      17.83   81.61   15.58   78.95   0.44   1.75   2.27   0.71   0.44   24.06   2.86   7.2
layer-00025-experts      15.21   17.12   13.22   14.66   0.18   1.25   1.34   0.67   1.32   23.91   2.86   6.8
layer-00026-experts      15.11   69.27   13.47   66.50   0.10   1.66   1.51   1.35   2.20   23.68   2.87   7.0
layer-00027-experts      36.28   43.11   34.30   40.42   0.15   2.17   3.23   1.68   1.27   23.98   2.87   6.3
layer-00028-experts      31.00   36.90   29.06   34.44   0.11   3.16   3.79   1.90   1.10   24.05   2.87   6.3
layer-00029-experts      17.02   66.00   14.74   63.37   0.45   1.15   1.41   1.12   1.97   23.63   2.88   6.5
layer-00030-experts      18.63   34.36   16.77   32.09   0.07   1.59   2.27   1.24   1.08   23.96   2.87   6.2
layer-00031-experts      51.04   71.01   48.32   68.57   0.40   5.49   5.89   3.75   2.05   24.02   2.86   6.8
layer-00032-experts      32.00   27.60   29.34   25.12   0.11   2.56   3.34   1.72   1.19   24.00   2.87   6.8
layer-00033-experts      10.93    2.17    8.69    0.37   0.47   1.08   1.11   0.72   0.49   24.31   2.87   6.8
layer-00034-experts      36.25    9.30   33.14    0.35   0.18   3.74   4.47   2.21   2.73   24.27   2.87   6.5
layer-00035-experts      65.58   88.62   63.30   86.00   0.26   5.55   6.38   3.31   1.87   23.78   2.90   6.4
layer-00036-experts      16.69   14.61   14.91   12.78   0.09   1.34   1.25   0.63   0.52   23.00   2.88   7.1
layer-00037-experts      19.22    8.51   17.34    6.54   0.07   2.00   2.23   0.91   2.01   23.63   2.88   6.7
layer-00038-experts      70.44   36.45   67.99   34.13   0.24   8.53   9.95   3.51   3.26   23.68   2.89   7.0
layer-00039-experts      27.19   29.30   24.85   26.65   0.36   3.97   4.26   1.53   1.34   23.52   2.89   6.6
layer-00040-experts       1.82   64.60    0.23   62.10   0.12   0.02   0.04   0.00   0.00   22.96   2.89   6.6
layer-00041-experts       1.80   19.49    0.22   17.30   0.10   0.01   0.10   0.00   0.00   23.41   2.90   6.9
layer-00042-experts       8.18    2.14    6.75    0.34   0.07   0.97   1.14   0.45   0.53   23.71   2.90   6.9
layer-00043-experts      89.50   30.72   87.09   28.89   0.31  11.08  12.14   3.73   5.73   24.23   2.87   8.1
layer-00044-experts      22.42   17.55   20.02   15.90   0.14   2.62   2.67   0.83   1.92   24.15   2.86   7.5
layer-00045-experts      37.08    5.74   34.90    4.11   0.09   5.20   5.95   1.71   3.56   23.67   2.87   7.1
layer-00046-experts      28.70   50.37   26.22   48.05   0.42   3.03   3.32   1.28   1.57   23.88   2.85   6.7
layer-00047-experts      46.97   20.98   44.49   19.08   0.30   7.38   8.19   2.53   3.31   23.86   2.86   6.9
