total rank0=519.399s  rank1=519.834s
buckets rank0:
   stageb.stream_next                 310.505
   ckpt.h2d                           174.718
   ckpt.shard                         114.736
   arena.host_alloc                   104.222
   stageb.post_load                    11.724
   ckpt.get_tensor                      8.191
   stageb.gc_collect                    6.759
   stageb.sink_place                    4.469
   ckpt.nvfp4_leaf_scales               3.206
   ckpt.expert_stack_add                2.207
   ckpt.remap                           1.763
   ckpt.gate_up_cat                     1.098
buckets rank1:
   stageb.stream_next                 306.464
   ckpt.h2d                           176.351
   arena.host_alloc                   115.258
   ckpt.shard                         111.370
   stageb.post_load                    10.656
   stageb.sink_place                    7.558
   stageb.gc_collect                    6.875
   ckpt.get_tensor                      6.123
   ckpt.nvfp4_leaf_scales               3.166
   ckpt.expert_stack_add                2.202
   ckpt.remap                           1.762
   ckpt.gate_up_cat                     1.136
phases rank0:
   init_communication                   0.488
   model_construct_meta                 0.606
   weight_stream_tier_build             0.000
   weight_plan_resolve                  0.038
   arena_pin_attach                   115.640
    stage_b_enumerate_prepass           12.643
    stage_b_run                        334.145
    stage_b_trailing_post_load           0.013
   weight_load                        346.849
   ct_sign_verify                       0.526
   weight_offload_bind_seal             0.011
   kv_sizing                            0.092
   kv_pool_alloc                        0.009
   gdn_conv_warmup                      0.001
   ple_runtime_build                    0.016
   snapshot_host_arena                  0.000
   backends_init                        0.172
   graph_capture                       53.582
   canvas_capture                       0.000
   verify_arena_after_capture           0.017

chunk                       s0      s1    h2d0    h2d1   shd0   swin  swout  majfM   dirM  availG   arcG    ld
body                     15.61   13.03   12.24    9.84   2.41   0.66   0.25   3.96   0.30   16.77   8.85   7.1
layer-00000-experts       3.06    3.13    0.52    0.66   1.40   0.02   0.00   0.25   0.00   15.30  10.24   8.2
layer-00001-experts       3.20    3.20    0.62    0.74   1.84   0.01   0.03   0.24   0.00   14.40  11.48   9.3
layer-00002-experts      19.92   19.94   17.21   17.30   1.96   0.28   0.62   2.59   4.63   13.59  12.67  10.2
layer-00003-experts       7.71    7.39    0.60    0.72   1.80   0.45   0.19   0.48   0.06   10.55  14.24  10.0
layer-00004-experts       7.01    7.31    1.18    1.29   5.04   0.01   0.05   0.29   0.00   20.00   3.10  11.2
layer-00005-experts       7.54    7.53    1.24    1.32   5.44   0.08   0.00   0.31   0.00   18.37   4.40  12.6
layer-00006-experts       7.17    7.25    1.20    1.32   5.17   0.06   0.00   0.32   0.00   17.45   5.69  13.2
layer-00007-experts       7.45    7.39    1.24    1.31   5.34   0.32   0.00   0.42   0.00   15.65   7.17  13.2
layer-00008-experts       7.42    7.42    1.22    1.29   5.37   0.01   0.00   0.30   0.00   14.41   8.42  14.2
layer-00009-experts       7.30    7.30    1.21    1.31   5.19   0.01   0.00   0.34   0.00   12.92   9.87  16.0
layer-00010-experts      28.54   28.45   22.86   22.90   4.71   0.20   0.43   3.54   1.17   12.76  10.36  16.7
layer-00011-experts       6.30    6.39    2.24    2.32   3.30   0.01   0.19   0.31   0.02   12.37  11.70  17.1
layer-00012-experts      11.72   11.37    9.11    8.56   1.77   0.04   0.38   0.56   0.13   11.81  12.41  16.4
layer-00013-experts       3.87    4.25    0.73    0.86   2.33   0.01   0.00   0.25   0.00   10.46  13.72  16.9
layer-00014-experts       4.64    4.64    0.88    0.95   2.91   0.02   0.00   0.31   0.00    9.65  14.47  17.4
layer-00015-experts      15.19   14.95   12.05   11.70   2.27   0.32   0.65   1.81   0.49    9.11  15.62  16.4
layer-00016-experts       4.23    4.50    0.83    0.92   2.61   0.02   0.03   0.24   0.00    8.71  16.02  17.1
layer-00017-experts       3.71    3.75    0.72    0.82   2.18   0.01   0.00   0.30   0.00    8.74  16.04  17.1
layer-00018-experts       4.44    4.42    0.82    0.92   2.77   0.03   0.01   0.26   0.00   14.44  10.10  17.1
layer-00019-experts       3.92    3.90    0.74    0.84   2.36   0.00   0.01   0.29   0.00   13.39  11.43  17.2
layer-00020-experts       3.86    3.88    0.73    0.81   2.29   0.01   0.00   0.29   0.00   11.66  12.84  17.4
layer-00021-experts      15.37   15.35   12.32   12.52   2.19   0.25   0.33   0.82   0.43   15.73   8.76  16.7
layer-00022-experts       4.46    4.46    0.86    0.93   2.78   0.01   0.00   0.32   0.00   13.65  10.76  17.3
layer-00023-experts       4.02    4.04    0.76    0.83   2.44   0.01   0.00   0.26   0.00   12.44  12.09  18.0
layer-00024-experts       5.19    5.17    2.31    2.51   2.04   0.01   0.07   0.26   0.05   11.21  13.44  17.2
layer-00025-experts      14.74   14.76   11.62   11.65   2.30   0.64   0.69   1.39   0.27   10.51  14.13  16.3
layer-00026-experts       3.77    3.77    0.71    0.82   2.24   0.00   0.00   0.19   0.00   10.09  14.63  16.3
layer-00027-experts      13.03   12.68   10.73   10.35   1.47   0.53   0.68   0.74   0.37    9.12  16.00  14.7
layer-00028-experts      12.81   13.12   10.17   10.16   1.87   1.59   1.30   1.36   1.03    8.99  16.02  15.8
layer-00029-experts       2.87    2.91    0.53    0.66   1.57   0.00   0.00   0.28   0.00    8.98  15.99  15.8
layer-00030-experts      21.51   21.52   19.35   19.40   1.37   2.36   2.21   1.54   0.66   15.10   9.91  13.7
layer-00031-experts       2.52    2.52    0.47    0.58   1.27   0.03   0.00   0.16   0.00   13.97  11.08  13.7
layer-00032-experts       2.98    2.99    0.55    0.65   1.64   0.01   0.00   0.25   0.00   12.56  12.45  14.0
layer-00033-experts       2.55    2.56    0.49    0.59   1.29   0.01   0.00   0.31   0.00   11.05  13.96  14.0
layer-00034-experts       2.84    2.83    0.55    0.66   1.51   0.01   0.00   0.22   0.00    9.65  15.28  15.4
layer-00035-experts       2.50    2.51    0.47    0.59   1.26   0.00   0.00   0.16   0.00   10.30  14.60  15.4
layer-00036-experts       3.41    3.38    0.62    0.75   1.97   0.01   0.03   0.22   0.00   11.75  13.05  15.8
layer-00037-experts       2.48    2.48    0.45    0.56   1.26   0.00   0.00   0.34   0.00   13.01  11.48  15.8
layer-00038-experts       2.94    2.96    0.55    0.67   1.61   0.01   0.04   0.26   0.00   14.52  10.20  16.3
layer-00039-experts       2.53    2.53    0.47    0.56   1.28   0.00   0.00   0.16   0.00   15.43   9.34  16.3
layer-00040-experts       3.21    3.21    0.63    0.71   1.79   0.00   0.03   0.34   0.00   17.45   7.38  15.6
layer-00041-experts       2.48    2.49    0.45    0.58   1.27   0.00   0.00   0.17   0.00   18.29   6.43  16.1
layer-00042-experts       2.51    2.50    0.45    0.60   1.26   0.00   0.00   0.28   0.00   19.92   4.72  16.1
layer-00043-experts       2.62    2.62    0.46    0.62   1.38   0.00   0.00   0.16   0.00   21.05   3.58  16.2
layer-00044-experts       2.78    2.77    0.50    0.63   1.48   0.00   0.00   0.30   0.00   21.81   2.86  16.2
layer-00045-experts       2.47    2.50    0.47    0.56   1.24   0.00   0.00   0.16   0.00   21.86   2.90  16.3
layer-00046-experts       9.32   10.15    7.18    7.98   1.28   1.04   1.23   0.59   0.48   22.13   2.88  15.7
layer-00047-experts       2.41    2.01    0.43    0.50   1.18   0.00   0.01   0.16   0.00   21.48   3.60  15.7
