gpu-lease: leased card(s) [0,1] as 'gpu0-1'  (HIP=0,1, port=8000, project=lease-gpu0-1)
device: AMD Radeon RX 9070 XT  chunk=1372 MiB  n=36  threads=16  floor=10 GiB

=== ARM A_device_only: alloc -> hipMemsetD32 -> sync ===
chunk  alloc_s   cpu_s   dev_s  dev MiB/s  MemAvail GiB  swpout GiB  majflt k
    0     0.08    0.00    0.33     4146.8          70.2        0.00       9.2
    1     0.10    0.00    0.05    26948.8          68.9        0.00       0.0
    2     0.09    0.00    0.05    27102.2          67.5        0.00       0.0
    3     0.35    0.00    0.07    20837.3          66.2        0.00       0.0
    4     0.91    0.00    0.63     2162.1          65.1        0.40      89.2
    5     2.12    0.00    1.84      746.3          64.1        2.09     502.1
    6     1.03    0.00    1.66      824.4          62.9        1.72     435.0
    7     0.62    0.00    1.04     1318.8          61.6        0.87     219.7
    8     1.87    0.00    0.21     6487.3          60.3        1.24     317.6
    9     5.12    0.00    0.05    26108.0          59.0        0.44      31.5
   10     4.29    0.00    1.32     1042.7          57.9        1.94     448.3
   11     2.07    0.00    1.46      942.0          56.7        1.84     458.3
   12     2.12    0.00    2.69      510.5          55.4        2.70     669.4
   13     5.46    0.00    0.05    27256.5          54.1        0.17       1.7
   14     6.68    0.00    1.70      808.5          52.9        2.16     565.1
   15     5.58    0.00    0.05    27184.4          51.5        0.14       8.5
   16     3.85    0.00    5.52      248.6          50.3        5.24    1376.9
   17     0.10    0.00    0.05    27215.0          48.8        0.00       0.0
   18     1.24    0.00    2.93      468.5          47.5        1.62     418.9
   19     6.06    0.00    4.74      289.5          46.2        3.03     778.6
   20     5.58    0.00    7.36      186.4          45.0        4.83    1377.9
   21     0.10    0.00    0.05    27188.0          43.3        0.00       0.1
   22     1.47    0.00    4.34      315.8          41.9        2.55     632.9
   23     3.24    0.00   17.13       80.1          42.7        8.24    2181.1
   24     0.53    0.00    0.16     8332.2          41.3        0.37      97.0
   25     3.47    0.00    4.34      316.0          40.0        2.44     596.3
   26     1.12    0.00   12.01      114.2          38.8        5.87    1611.4
   27     1.06    0.00    7.86      174.5          36.7        2.49     716.2
   28     3.99    0.00   16.17       84.8          35.3        6.46    1708.0
   29     4.72    0.00    3.14      437.3          34.2        1.98     514.6
   30     5.60    0.00    0.05    27182.2          33.0        0.12       5.5
   31     3.62    0.00    6.15      223.2          31.8        3.34     851.6
   32     5.86    0.00    8.30      165.3          30.4        4.57    1191.5
   33     4.19    0.00    8.16      168.1          29.2        4.89    1283.8
   34     5.61    0.00   20.35       67.4          27.8        8.78    2298.4
   35     2.47    0.00    8.37      164.0          26.6        3.71     963.4
ARM A_device_only: 36 chunks / 48.23 GiB -- alloc 102.4 s | cpu_touch 0.0 s | dev_fill 150.4 s | TOTAL 252.7 s (195 MiB/s)
ARM A_device_only: freed in 3.2 s, MemAvailable now 73.6 GiB

=== ARM B_cpu_prefault: alloc -> CPU parallel touch -> hipMemsetD32 -> sync ===
chunk  alloc_s   cpu_s   dev_s  dev MiB/s  MemAvail GiB  swpout GiB  majflt k
    0     0.10    0.03    0.05    26981.2          73.7        0.00       1.3
    1     0.20    0.03    0.05    26899.1          72.3        0.00       0.1
    2     0.18    0.03    0.09    14594.7          71.2        0.02       0.1
    3     0.27    0.03    0.17     8314.3          69.9        0.05       0.4
    4     0.45    0.13    1.59      863.1          68.6        0.25      61.8
    5     0.18    0.03    0.80     1715.4          67.2        0.39     103.5
    6     0.36    0.03    0.82     1673.7          65.9        0.31      82.8
    7     2.02    0.03    0.37     3692.1          64.5        1.20     317.7
    8     2.15    0.03    1.06     1300.4          63.2        1.19     312.8
    9     2.63    0.03    1.22     1127.6          61.9        1.04     227.8
   10     3.48    0.03    1.92      715.5          60.7        2.50     671.8
   11     1.06    0.03    2.77      494.9          59.2        1.63     434.1
   12     2.42    0.02    0.05    26737.2          57.9        1.22     342.5
   13     4.22    0.03    1.77      775.7          56.4        2.05     527.0
   14     5.03    0.03    2.09      657.7          55.2        1.89     498.7
   15     2.00    0.03    5.24      261.6          53.7        3.26     858.7
   16     1.14    0.03    3.79      361.6          52.3        1.79     475.8
   17     3.05    0.03    3.12      439.8          51.0        1.68     448.7
   18     0.83    0.03    5.68      241.6          49.8        2.16     587.1
   19     1.18    0.03    4.02      341.1          48.4        2.65     693.4
   20     2.34    0.03    6.22      220.6          47.1        3.24     906.1
   21     1.21    0.03    4.69      292.5          45.3        1.62     408.7
   22     5.43    0.03    8.07      170.0          44.3        4.85    1277.1
   23     3.60    0.03    5.39      254.4          42.8        2.07     538.4
   24     3.31    0.03    4.82      284.5          41.5        2.51     693.5
   25     4.44    0.03    7.83      175.3          40.1        4.62    1178.7
   26     3.95    0.03    6.73      204.0          38.8        3.17     799.5
   27     0.87    0.03   11.58      118.4          37.7        5.62    1507.2
   28     4.66    0.03    9.54      143.9          36.2        4.37    1149.1
   29     0.23    0.03    9.27      148.1          34.8        3.04     805.7
   30     7.52    0.03    8.57      160.1          33.5        5.44    1432.4
   31     5.18    0.03   11.32      121.2          32.2        4.51    1212.2
   32     5.94    0.03   26.57       51.6          30.8        8.80    2476.7
   33     2.66    0.03   58.24       23.6          29.4        9.61    2787.5
   34     2.18    0.03    7.48      183.4          27.6        0.48     100.5
   35     6.85    0.03   16.34       84.0          26.6        6.35    1817.7
ARM B_cpu_prefault: 36 chunks / 48.23 GiB -- alloc 93.3 s | cpu_touch 1.1 s | dev_fill 239.3 s | TOTAL 333.7 s (148 MiB/s)
