gpu-lease: leased card(s) [0,1] as 'gpu0-1'  (HIP=0,1, port=8000, project=lease-gpu0-1)
device: AMD Radeon RX 9070 XT  chunk=1372 MiB  n=18
chunk  alloc_s  alloc MiB/s  touch_s  touch MiB/s  memcpyH2D MiB/s  MemAvail GiB  swpout GiB
    0     0.23       5882.2     0.43       3182.3           6587.0          71.3        0.01
    1     0.19       7222.4     0.22       6145.7          25698.8          70.0        0.02
    2     0.36       3780.3     0.36       3825.0          25725.7          69.5        0.06
    3     0.29       4803.5     0.06      22164.4          25719.4          68.2        0.02
    4     0.57       2414.1     1.16       1182.9           5987.7          66.9        0.27
    5     2.05        669.4     0.24       5718.2          25745.3          65.7        0.95
    6     4.20        327.0     0.62       2226.3          25546.4          64.4        1.32
    7     6.33        216.9     0.05      27213.8          25718.1          63.2        0.37
    8     4.87        281.7     0.05      25072.0          25443.2          62.2        0.36
    9     3.73        367.6     0.05      27182.2          25630.2          61.1        1.69
   10     3.27        420.0     2.10        654.4          25704.2          59.8        2.02
   11     1.74        789.1     3.83        358.0          25708.1          58.5        1.47
   12     4.12        333.1     0.05      27228.8          25786.1          57.0        0.14
   13    12.15        112.9     0.05      27071.9          25371.4          55.7        2.69
   14     5.05        271.5     2.49        551.9          25698.6          54.6        1.67
   15     3.02        453.8     9.10        150.8          25595.3          53.2        4.37
   16     1.52        904.8     0.05      27132.4          25637.7          52.0        0.06
   17    10.63        129.1     0.67       2059.2          25533.8          50.6        2.41
TOTAL pinned 24.12 GiB: alloc 64.3 s (384 MiB/s), touch 21.6 s (1145 MiB/s)
