draft=[579, 264, 7047, 1817]
draft=[579, 264, 7047, 1817]
draft=[271, 16, 13, 220]
draft=[271, 16, 13, 220]
draft=[15771, 2598, 279, 2570]
draft=[15771, 2598, 279, 2570]
draft=[5952, 64700, 198, 12]
draft=[5952, 64700, 198, 12]
draft=[471, 2972, 14162, 64700]
draft=[471, 2972, 14162, 64700]
draft=[27662, 64700, 64295, 2438]
draft=[27662, 64700, 64295, 2438]
draft=[12, 14004, 8672, 318]
draft=[12, 14004, 8672, 318]
draft=[17078, 8, 198, 12]
draft=[17078, 8, 198, 12]
draft=[471, 2972, 10133, 64700]
draft=[471, 2972, 10133, 64700]
draft=[12296, 64700, 198, 257]
draft=[12296, 64700, 198, 257]
draft=[289, 11, 34872, 11]
draft=[289, 11, 34872, 11]
draft=[50853, 11, 997, 12928]
draft=[50853, 11, 997, 12928]
draft=[11, 733, 52778, 11]
draft=[11, 733, 52778, 11]
draft=[14650, 198, 256, 471]
draft=[14650, 198, 256, 471]
draft=[198, 256, 471, 2972]
draft=[198, 256, 471, 2972]
draft=[64700, 18047, 11, 1575]
draft=[64700, 18047, 11, 1575]
draft=[290, 12654, 11, 5187]
draft=[290, 12654, 11, 5187]
draft=[11, 1575, 44145, 290]
draft=[11, 1575, 44145, 290]
draft=[303, 52778, 314, 279]
draft=[303, 52778, 314, 279]
draft=[488, 708, 271, 550]
draft=[488, 708, 271, 550]
draft=[708, 198, 271, 1536]
draft=[708, 198, 271, 1536]
draft=[471, 2972, 1536, 33214]
draft=[471, 2972, 1536, 33214]
draft=[328, 51407, 1, 318]
draft=[328, 51407, 1, 318]
draft=[279, 4757, 369, 524]
draft=[279, 4757, 369, 524]
draft=[2957, 264, 491, 2243]
draft=[2957, 264, 491, 2243]
draft=[16531, 310, 279, 4757]
draft=[16531, 310, 279, 4757]
draft=[264, 491, 2243, 314]
draft=[264, 491, 2243, 314]
draft=[4757, 11, 6611, 264]
draft=[4757, 11, 6611, 264]
draft=[44504, 279, 3889, 5759]
draft=[44504, 279, 3889, 5759]
draft=[7552, 11, 10377, 364]
draft=[7552, 11, 10377, 364]
draft=[1061, 369, 264, 4047]
draft=[1061, 369, 264, 4047]
draft=[16496, 1608, 264, 3074]
draft=[16496, 1608, 264, 3074]
draft=[1608, 23016, 48575, 318]
draft=[1608, 23016, 48575, 318]
draft=[318, 898, 76945, 11]
draft=[318, 898, 76945, 11]
draft=[10020, 59970, 8, 321]
draft=[10020, 59970, 8, 321]
draft=[271, 17, 13, 220]
draft=[271, 17, 13, 220]
draft=[1536, 73182, 594, 81088]
draft=[1536, 73182, 594, 81088]
draft=[73182, 314, 64295, 3605]
draft=[73182, 314, 64295, 3605]
draft=[12, 14004, 56892, 318]
draft=[12, 14004, 56892, 318]
draft=[198, 256, 471, 2972]
draft=[198, 256, 471, 2972]
draft=[64700, 198, 262, 471]
draft=[64700, 198, 262, 471]
draft=[623, 52778, 64700, 198]
draft=[623, 52778, 64700, 198]
draft=[220, 16, 13, 220]
draft=[220, 16, 13, 220]
draft=[2357, 369, 264, 328]
draft=[2357, 369, 264, 328]
draft=[2438, 466, 3565, 13]
draft=[2438, 466, 3565, 13]
draft=[257, 220, 17, 13]
draft=[257, 220, 17, 13]
draft=[3578, 369, 264, 2438]
draft=[3578, 369, 264, 2438]
draft=[13, 198, 257, 220]
draft=[13, 198, 257, 220]
draft=[13, 561, 3578, 369]
draft=[13, 561, 3578, 369]
draft=[10583, 318, 269, 975]
draft=[10583, 318, 269, 975]
draft=[8, 513, 819, 466]
draft=[8, 513, 819, 466]
draft=[8, 513, 524, 303]
draft=[8, 513, 524, 303]
draft=[13, 198, 257, 471]
draft=[13, 198, 257, 471]
draft=[19, 321, 66856, 318]
draft=[19, 321, 66856, 318]
draft=[1368, 264, 2438, 318]
draft=[1368, 264, 2438, 318]
draft=[369, 2438, 11, 279]
draft=[369, 2438, 11, 279]
draft=[1141, 2748, 513, 2438]
draft=[1141, 2748, 513, 2438]
draft=[13, 198, 257, 318]
draft=[13, 198, 257, 318]
draft=[2083, 1923, 2438, 82]
draft=[2083, 1923, 2438, 82]
draft=[2438, 7552, 553, 198]
draft=[2438, 7552, 553, 198]
draft=[2438, 82, 553, 198]
draft=[2438, 82, 553, 198]
draft=[553, 198, 257, 471]
draft=[553, 198, 257, 471]
draft=[20, 13, 15, 369]
draft=[20, 13, 15, 369]
draft=[1396, 2357, 11, 279]
draft=[1396, 2357, 11, 279]
draft=[2357, 11, 279, 1324]
draft=[2357, 11, 279, 1324]
draft=[12351, 494, 279, 3578]
draft=[12351, 494, 279, 3578]
draft=[12351, 494, 279, 6042]
draft=[12351, 494, 279, 6042]
draft=[310, 279, 10583, 321]
draft=[310, 279, 10583, 321]
draft=[10583, 513, 660, 279]
draft=[10583, 513, 660, 279]
draft=[279, 1788, 1324, 314]
draft=[279, 1788, 1324, 314]
draft=[7552, 318, 2479, 553]
draft=[7552, 318, 2479, 553]
draft=[16565, 3234, 553, 198]
draft=[16565, 3234, 553, 198]
draft=[471, 2972, 1847, 50853]
draft=[471, 2972, 1847, 50853]
draft=[64700, 198, 257, 471]
draft=[64700, 198, 257, 471]
draft=[289, 11, 12331, 11]
draft=[289, 11, 12331, 11]
draft=[34872, 20412, 44504, 279]
draft=[34872, 20412, 44504, 279]
draft=[12013, 278, 8703, 11]
draft=[12013, 278, 8703, 11]
draft=[321, 10451, 311, 12]
draft=[321, 10451, 311, 12]
draft=[1347, 764, 286, 11]
draft=[1347, 764, 286, 11]
draft=[310, 10000, 279, 55687]
draft=[310, 10000, 279, 55687]
draft=[5706, 13, 198, 256]
draft=[5706, 13, 198, 256]
draft=[52778, 13, 198, 256]
draft=[52778, 13, 198, 256]
draft=[2972, 69132, 64700, 42629]
draft=[2972, 69132, 64700, 42629]
draft=[314, 44504, 279, 3889]
draft=[314, 44504, 279, 3889]
draft=[303, 1925, 11, 567]
draft=[303, 1925, 11, 567]
draft=[491, 7552, 421, 513]
draft=[491, 7552, 421, 513]
draft=[279, 1752, 13, 3095]
draft=[279, 1752, 13, 3095]
draft=[279, 3578, 310, 279]
draft=[279, 3578, 310, 279]
draft=[310, 279, 10490, 2357]
draft=[310, 279, 10490, 2357]
draft=[11227, 279, 3889, 5759]
draft=[11227, 279, 3889, 5759]
draft=[39674, 7610, 13, 271]
draft=[39674, 7610, 13, 271]
draft=[13, 220, 2972, 1536]
draft=[13, 220, 2972, 1536]
draft=[3588, 6591, 364, 64295]
draft=[3588, 6591, 364, 64295]
draft=[303, 12654, 64700, 198]
draft=[303, 12654, 64700, 198]
draft=[198, 256, 471, 2972]
draft=[198, 256, 471, 2972]
draft=[264, 1510, 3313, 63]
draft=[264, 1510, 3313, 63]
draft=[271, 13962, 5141, 73182]
draft=[271, 13962, 5141, 73182]
draft=[653, 29806, 314, 264]
draft=[653, 29806, 314, 264]
draft=[2972, 11936, 64700, 357]
draft=[2972, 11936, 64700, 357]
draft=[264, 523, 466, 1968]
draft=[264, 523, 466, 1968]
draft=[795, 13976, 318, 19398]
draft=[795, 13976, 318, 19398]
draft=[318, 269, 506, 3140]
draft=[318, 269, 506, 3140]
draft=[2880, 10020, 59970, 8]
draft=[2880, 10020, 59970, 8]
draft=[4417, 2880, 10020, 59970]
draft=[4417, 2880, 10020, 59970]
draft=[8, 198, 256, 471]
draft=[8, 198, 256, 471]
draft=[2357, 9400, 369, 264]
draft=[2357, 9400, 369, 264]
draft=[25, 264, 13992, 314]
draft=[25, 264, 13992, 314]
draft=[11, 2047, 11, 1245]
draft=[11, 2047, 11, 1245]
draft=[11, 1829, 11, 2047]
draft=[11, 1829, 11, 2047]
draft=[1245, 11, 1623, 11]
draft=[1245, 11, 1623, 11]
draft=[318, 12439, 8, 198]
draft=[318, 12439, 8, 198]
draft=[694, 364, 39604, 11]
draft=[694, 364, 39604, 11]
draft=[38136, 303, 4757, 364]
draft=[38136, 303, 4757, 364]
draft=[12052, 364, 37685, 11]
draft=[12052, 364, 37685, 11]
draft=[628, 958, 1510, 3928]
draft=[628, 958, 1510, 3928]
draft=[628, 958, 2594, 26564]
draft=[628, 958, 2594, 26564]
draft=[2594, 26564, 466, 958]
draft=[2594, 26564, 466, 958]
draft=[10288, 80025, 466, 958]
draft=[10288, 80025, 466, 958]
draft=[11137, 466, 958, 1752]
draft=[11137, 466, 958, 1752]
draft=[424, 8, 198, 256]
draft=[424, 8, 198, 256]
draft=[1690, 39604, 11, 567]
draft=[1690, 39604, 11, 567]
draft=[11, 364, 39604, 11]
draft=[11, 364, 39604, 11]
draft=[12052, 3428, 958, 6150]
draft=[12052, 3428, 958, 6150]
draft=[17078, 82, 3428, 958]
draft=[17078, 82, 3428, 958]
draft=[1459, 914, 958, 11135]
draft=[1459, 914, 958, 11135]
draft=[2594, 26564, 303, 279]
draft=[2594, 26564, 303, 279]
draft=[5471, 29997, 13, 198]
draft=[5471, 29997, 13, 198]
draft=[321, 10000, 2803, 13]
draft=[321, 10000, 2803, 13]
draft=[11746, 11, 567, 628]
draft=[11746, 11, 567, 628]
draft=[3172, 958, 264, 4757]
draft=[3172, 958, 264, 4757]
draft=[1973, 1070, 13, 198]
draft=[1973, 1070, 13, 198]
draft=[3578, 13, 198, 256]
draft=[3578, 13, 198, 256]
draft=[1690, 37685, 11, 567]
draft=[1690, 37685, 11, 567]
draft=[278, 8703, 11, 567]
draft=[278, 8703, 11, 567]
draft=[310, 4072, 264]
draft=[310, 4072, 264]
draft=[66856]
draft=[66856]
