draft=[579, 264, 7047, 1817]
draft=[579, 264, 7047, 1817]
draft=[271, 16, 13, 220]
draft=[271, 16, 13, 220]
draft=[15771, 2598, 279, 2570]
draft=[15771, 2598, 279, 2570]
draft=[5952, 64700, 198, 12]
draft=[5952, 64700, 198, 12]
draft=[471, 2972, 6911, 64700]
draft=[471, 2972, 6911, 64700]
draft=[27662, 64700, 64295, 11]
draft=[27662, 64700, 64295, 11]
draft=[12, 14004, 8672, 318]
draft=[12, 14004, 8672, 318]
draft=[17078, 8, 198, 12]
draft=[17078, 8, 198, 12]
draft=[471, 2972, 10133, 64700]
draft=[471, 2972, 10133, 64700]
draft=[12296, 64700, 198, 257]
draft=[12296, 64700, 198, 257]
draft=[16598, 289, 11, 34872]
draft=[16598, 289, 11, 34872]
draft=[50853, 11, 997, 12928]
draft=[50853, 11, 997, 12928]
draft=[11, 733, 60339, 11]
draft=[11, 733, 60339, 11]
draft=[22306, 198, 256, 471]
draft=[22306, 198, 256, 471]
draft=[57201, 64700, 18047, 11]
draft=[57201, 64700, 18047, 11]
draft=[44145, 290, 12654, 11]
draft=[44145, 290, 12654, 11]
draft=[198, 256, 471, 2972]
draft=[198, 256, 471, 2972]
draft=[10033, 303, 52778, 11]
draft=[10033, 303, 52778, 11]
draft=[488, 708, 271, 550]
draft=[488, 708, 271, 550]
draft=[708, 198, 17, 13]
draft=[708, 198, 17, 13]
draft=[271, 17, 13, 220]
draft=[271, 17, 13, 220]
draft=[1536, 73182, 594, 32666]
draft=[1536, 73182, 594, 32666]
draft=[64295, 3605, 12, 14004]
draft=[64295, 3605, 12, 14004]
draft=[12, 14004, 56892, 318]
draft=[12, 14004, 56892, 318]
draft=[198, 12, 2972, 7865]
draft=[198, 12, 2972, 7865]
draft=[471, 2972, 5844, 12]
draft=[471, 2972, 5844, 12]
draft=[64700, 198, 262, 471]
draft=[64700, 198, 262, 471]
draft=[623, 52778, 64700, 198]
draft=[623, 52778, 64700, 198]
draft=[220, 16, 13, 220]
draft=[220, 16, 13, 220]
draft=[2357, 369, 264, 328]
draft=[2357, 369, 264, 328]
draft=[2438, 466, 3565, 13]
draft=[2438, 466, 3565, 13]
draft=[257, 220, 17, 13]
draft=[257, 220, 17, 13]
draft=[3578, 369, 2590, 264]
draft=[3578, 369, 2590, 264]
draft=[13, 198, 257, 220]
draft=[13, 198, 257, 220]
draft=[13, 561, 3578, 369]
draft=[13, 561, 3578, 369]
draft=[10583, 318, 269, 10583]
draft=[10583, 318, 269, 10583]
draft=[8, 513, 819, 11]
draft=[8, 513, 819, 11]
draft=[8, 513, 524, 303]
draft=[8, 513, 524, 303]
draft=[13, 198, 257, 471]
draft=[13, 198, 257, 471]
draft=[19, 321, 13333, 513]
draft=[19, 321, 13333, 513]
draft=[1368, 264, 2438, 318]
draft=[1368, 264, 2438, 318]
draft=[369, 2438, 11, 1141]
draft=[369, 2438, 11, 1141]
draft=[1141, 2748, 513, 2438]
draft=[1141, 2748, 513, 2438]
draft=[13, 198, 257, 318]
draft=[13, 198, 257, 318]
draft=[2083, 1923, 2438, 82]
draft=[2083, 1923, 2438, 82]
draft=[2438, 7552, 553, 198]
draft=[2438, 7552, 553, 198]
draft=[2438, 82, 553, 198]
draft=[2438, 82, 553, 198]
draft=[553, 198, 257, 471]
draft=[553, 198, 257, 471]
draft=[20, 13, 1368, 264]
draft=[20, 13, 1368, 264]
draft=[1752, 494, 279, 3578]
draft=[1752, 494, 279, 3578]
draft=[2357, 310, 264, 2574]
draft=[2357, 310, 264, 2574]
draft=[73260, 10583, 318, 15693]
draft=[73260, 10583, 318, 15693]
draft=[279, 1788, 1324, 314]
draft=[279, 1788, 1324, 314]
draft=[318, 11553, 8, 4947]
draft=[318, 11553, 8, 4947]
draft=[318, 2479, 553, 198]
draft=[318, 2479, 553, 198]
draft=[2521, 553, 198, 256]
draft=[2521, 553, 198, 256]
draft=[553, 198, 256, 471]
draft=[553, 198, 256, 471]
draft=[553, 198, 256, 471]
draft=[553, 198, 256, 471]
draft=[69132, 64700, 198, 256]
draft=[69132, 64700, 198, 256]
draft=[5488, 11121, 264, 491]
draft=[5488, 11121, 264, 491]
draft=[11121, 264, 491, 328]
draft=[11121, 264, 491, 328]
draft=[7552, 14, 20960, 11]
draft=[7552, 14, 20960, 11]
draft=[279, 1752, 11, 6611]
draft=[279, 1752, 11, 6611]
draft=[279, 3578, 11, 45328]
draft=[279, 3578, 11, 45328]
draft=[310, 279, 10490, 1406]
draft=[310, 279, 10490, 1406]
draft=[11, 45328, 660, 3889]
draft=[11, 45328, 660, 3889]
draft=[279, 3889, 5759, 33702]
draft=[279, 3889, 5759, 33702]
draft=[5759, 33702, 13, 1061]
draft=[5759, 33702, 13, 1061]
draft=[33295, 13, 1061, 369]
draft=[33295, 13, 1061, 369]
draft=[16496, 539, 1608, 264]
draft=[16496, 539, 1608, 264]
draft=[1608, 264, 29812, 5759]
draft=[1608, 264, 29812, 5759]
draft=[15170, 14, 92386, 1752]
draft=[15170, 14, 92386, 1752]
draft=[11227, 466, 1752, 30021]
draft=[11227, 466, 1752, 30021]
draft=[8298, 10020, 59970, 553]
draft=[8298, 10020, 59970, 553]
draft=[256, 471, 2972, 674]
draft=[256, 471, 2972, 674]
draft=[64700, 198, 256, 471]
draft=[64700, 198, 256, 471]
draft=[289, 321, 34872, 513]
draft=[289, 321, 34872, 513]
draft=[16097, 12013, 278, 8703]
draft=[16097, 12013, 278, 8703]
draft=[321, 12013, 278, 8703]
draft=[321, 12013, 278, 8703]
draft=[1347, 764, 286, 11]
draft=[1347, 764, 286, 11]
draft=[310, 10000, 279, 55687]
draft=[310, 10000, 279, 55687]
draft=[52778, 13, 198, 256]
draft=[52778, 13, 198, 256]
draft=[39604, 11, 1754, 5488]
draft=[39604, 11, 1754, 5488]
draft=[24207, 6047, 11, 1754]
draft=[24207, 6047, 11, 1754]
draft=[1144, 310, 3579, 279]
draft=[1144, 310, 3579, 279]
draft=[491, 7552, 318, 269]
draft=[491, 7552, 318, 269]
draft=[1754, 2923, 11, 321]
draft=[1754, 2923, 11, 321]
draft=[279, 1752, 13, 271]
draft=[279, 1752, 13, 271]
draft=[278, 8703, 13, 271]
draft=[278, 8703, 13, 271]
draft=[13, 271, 17, 13]
draft=[13, 271, 17, 13]
draft=[13, 220, 2972, 27382]
draft=[13, 220, 2972, 27382]
draft=[3588, 6591, 364, 64295]
draft=[3588, 6591, 364, 64295]
draft=[17078, 64700, 198, 760]
draft=[17078, 64700, 198, 760]
draft=[12654, 64700, 198, 16]
draft=[12654, 64700, 198, 16]
draft=[471, 2972, 1008, 67678]
draft=[471, 2972, 1008, 67678]
draft=[75371, 64700, 1510, 87]
draft=[75371, 64700, 1510, 87]
draft=[264, 523, 466, 13992]
draft=[264, 523, 466, 13992]
draft=[1510, 548, 48093, 548]
draft=[1510, 548, 48093, 548]
draft=[7561, 1510, 927, 7561]
draft=[7561, 1510, 927, 7561]
draft=[7561, 1510, 927, 7561]
draft=[7561, 1510, 927, 7561]
draft=[9764, 579, 2790, 264]
draft=[9764, 579, 2790, 264]
draft=[264, 15352, 321, 1575]
draft=[264, 15352, 321, 1575]
draft=[11, 1575, 44145, 290]
draft=[11, 1575, 44145, 290]
draft=[7873, 314, 264, 24207]
draft=[7873, 314, 264, 24207]
draft=[35721, 4757, 13, 271]
draft=[35721, 4757, 13, 271]
draft=[3172, 5759, 424, 303]
draft=[3172, 5759, 424, 303]
draft=[11, 24228, 1754, 919]
draft=[11, 24228, 1754, 919]
draft=[1754, 919, 11, 321]
draft=[1754, 919, 11, 321]
draft=[303, 52778, 11, 321]
draft=[303, 52778, 11, 321]
draft=[1754, 919, 21426, 279]
draft=[1754, 919, 21426, 279]
draft=[369, 5064, 13, 271]
draft=[369, 5064, 13, 271]
draft=[12083, 13, 271, 13962]
draft=[12083, 13, 271, 13962]
draft=[23016, 11227, 13, 271]
draft=[23016, 11227, 13, 271]
draft=[5141, 6765, 3588, 6591]
draft=[5141, 6765, 3588, 6591]
draft=[25, 198, 16, 13]
draft=[25, 198, 16, 13]
draft=[2972, 56898, 50734, 64700]
draft=[2972, 56898, 50734, 64700]
draft=[64700, 8618, 2357, 369]
draft=[64700, 8618, 2357, 369]
draft=[1998, 4417, 23016, 11227]
draft=[1998, 4417, 23016, 11227]
draft=[8618, 2357, 369, 3354]
draft=[8618, 2357, 369, 3354]
draft=[11121, 264, 491, 1752]
draft=[11121, 264, 491, 1752]
draft=[7552, 3055, 279, 1752]
draft=[7552, 3055, 279, 1752]
draft=[3578, 310, 279, 10490]
draft=[3578, 310, 279, 10490]
draft=[2357, 11, 45328, 279]
draft=[2357, 11, 45328, 279]
draft=[279, 3889, 5759, 33702]
draft=[279, 3889, 5759, 33702]
draft=[4757, 33295, 13, 198]
draft=[4757, 33295, 13, 198]
draft=[2972, 1888, 75371, 64700]
draft=[2972, 1888, 75371, 64700]
draft=[50734, 64700, 21274, 290]
draft=[50734, 64700, 21274, 290]
draft=[264, 3074, 1510, 3928]
draft=[264, 3074, 1510, 3928]
draft=[77991, 1510, 3928, 63]
draft=[77991, 1510, 3928, 63]
draft=[5471, 1576, 9400]
draft=[5471, 1576, 9400]
draft=[18169, 4530]
draft=[18169, 4530]
