draft=[1184, 311, 4211, 264, 21713, 2518]
draft=[1184, 311, 4211, 264, 21713, 2518]
draft=[264, 4583, 11, 1632, 12, 61779]
draft=[264, 4583, 11, 1632, 12, 61779]
draft=[291, 13020, 8128, 315, 264, 2518]
draft=[291, 13020, 8128, 315, 264, 2518]
draft=[2518, 36754, 4916, 382, 14364, 30691]
draft=[2518, 36754, 4916, 382, 14364, 30691]
draft=[576, 8128, 5646, 264, 1565, 4208]
draft=[576, 8128, 5646, 264, 1565, 4208]
draft=[1265, 614, 264, 2436, 2436, 11]
draft=[1265, 614, 264, 2436, 2436, 11]
draft=[1824, 369, 1817, 2436, 11, 323]
draft=[1824, 369, 1817, 2436, 11, 323]
draft=[11, 7290, 429, 279, 4024, 821]
draft=[11, 7290, 429, 279, 4024, 821]
draft=[2436, 304, 279, 4916, 374, 6049]
draft=[2436, 304, 279, 4916, 374, 6049]
draft=[320, 269, 2647, 8, 4344, 279]
draft=[320, 269, 2647, 8, 4344, 279]
draft=[11, 5656, 11, 5656, 8, 28063]
draft=[11, 5656, 11, 5656, 8, 28063]
draft=[8, 28063, 279, 4916, 11, 323]
draft=[8, 28063, 279, 4916, 11, 323]
draft=[264, 501, 11, 2477, 5504, 931]
draft=[264, 501, 11, 2477, 5504, 931]
draft=[5944, 2041, 45763, 279, 4024, 5944]
draft=[5944, 2041, 45763, 279, 4024, 5944]
draft=[46607, 279, 6350, 5944, 2041, 45763]
draft=[46607, 279, 6350, 5944, 2041, 45763]
draft=[279, 4024, 5944, 2041, 45763, 279]
draft=[279, 4024, 5944, 2041, 45763, 279]
draft=[825, 34684, 13, 576, 8128, 1265]
draft=[825, 34684, 13, 576, 8128, 1265]
draft=[34684, 13, 1096, 8128, 374, 11045]
draft=[34684, 13, 1096, 8128, 374, 11045]
draft=[1184, 311, 4211, 264, 2518, 36754]
draft=[1184, 311, 4211, 264, 2518, 36754]
draft=[35747, 11, 35884, 11, 323, 458]
draft=[35747, 11, 35884, 11, 323, 458]
draft=[278, 8971, 11, 323, 458, 304]
draft=[278, 8971, 11, 323, 458, 304]
draft=[15079, 13, 576, 8128, 1265, 387]
draft=[15079, 13, 576, 8128, 1265, 387]
draft=[10334, 279, 304, 23744, 55922, 11]
draft=[10334, 279, 304, 23744, 55922, 11]
draft=[10334, 279, 304, 23744, 55922, 11]
draft=[10334, 279, 304, 23744, 55922, 11]
draft=[1184, 311, 10334, 279, 304, 23744]
draft=[1184, 311, 10334, 279, 304, 23744]
draft=[438, 498, 728, 382, 1654, 686]
draft=[438, 498, 728, 382, 1654, 686]
draft=[728, 382, 73022, 12663, 198, 750]
draft=[728, 382, 73022, 12663, 198, 750]
draft=[3278, 3270, 264, 13020, 8128, 315]
draft=[3278, 3270, 264, 13020, 8128, 315]
draft=[311, 4211, 264, 13020, 8128, 315]
draft=[311, 4211, 264, 13020, 8128, 315]
draft=[36754, 4916, 8128, 13, 576, 8128]
draft=[36754, 4916, 8128, 13, 576, 8128]
draft=[821, 4494, 13, 1205, 686, 990]
draft=[821, 4494, 13, 1205, 686, 990]
draft=[2701, 1447, 16, 13, 220, 16]
draft=[2701, 1447, 16, 13, 220, 16]
draft=[1447, 16, 13, 220, 16, 13]
draft=[1447, 16, 13, 220, 16, 13]
draft=[2436, 374, 264, 2436, 2436, 11]
draft=[2436, 374, 264, 2436, 2436, 11]
draft=[2518, 476, 2518, 624, 17, 13]
draft=[2518, 476, 2518, 624, 17, 13]
draft=[624, 17, 13, 576, 2436, 374]
draft=[624, 17, 13, 576, 2436, 374]
draft=[2436, 374, 279, 2436, 2436, 624]
draft=[2436, 374, 279, 2436, 2436, 624]
draft=[3691, 624, 17, 13, 576, 2436]
draft=[3691, 624, 17, 13, 576, 2436]
draft=[13, 2308, 2436, 374, 4287, 624]
draft=[13, 2308, 2436, 374, 4287, 624]
draft=[7798, 320, 2888, 8, 525, 3691]
draft=[7798, 320, 2888, 8, 525, 3691]
draft=[320, 2888, 8, 525, 3691, 323]
draft=[320, 2888, 8, 525, 3691, 323]
draft=[8, 525, 7798, 624, 19, 13]
draft=[8, 525, 7798, 624, 19, 13]
draft=[624, 19, 13, 576, 2436, 374]
draft=[624, 19, 13, 576, 2436, 374]
draft=[1378, 7798, 525, 2518, 11, 279]
draft=[1378, 7798, 525, 2518, 11, 279]
draft=[2436, 374, 2518, 11, 1221, 2518]
draft=[2436, 374, 2518, 11, 1221, 2518]
draft=[2841, 614, 2518, 320, 24085, 8]
draft=[2841, 614, 2518, 320, 24085, 8]
draft=[2841, 525, 2841, 320, 16, 13]
draft=[2841, 525, 2841, 320, 16, 13]
draft=[624, 19, 13, 1416, 264, 2436]
draft=[624, 19, 13, 1416, 264, 2436]
draft=[13, 362, 2436, 374, 2518, 624]
draft=[13, 362, 2436, 374, 2518, 624]
draft=[1449, 2436, 11, 279, 1290, 2436]
draft=[1449, 2436, 11, 279, 1290, 2436]
draft=[2436, 11, 5656, 279, 2436, 2436]
draft=[2436, 11, 5656, 279, 2436, 2436]
draft=[678, 7798, 525, 3691, 320, 269]
draft=[678, 7798, 525, 3691, 320, 269]
draft=[504, 279, 7798, 1969, 387, 3691]
draft=[504, 279, 7798, 1969, 387, 3691]
draft=[504, 678, 7798, 525, 3691, 11]
draft=[504, 678, 7798, 525, 3691, 11]
draft=[2436, 2436, 311, 678, 3691, 7798]
draft=[2436, 2436, 311, 678, 3691, 7798]
draft=[3685, 525, 2518, 624, 21, 13]
draft=[3685, 525, 2518, 624, 21, 13]
draft=[10896, 320, 24085, 8, 525, 3691]
draft=[10896, 320, 24085, 8, 525, 3691]
draft=[279, 1852, 3691, 1372, 624, 21]
draft=[279, 1852, 3691, 1372, 624, 21]
draft=[315, 3691, 7798, 382, 1654, 1184]
draft=[315, 3691, 7798, 382, 1654, 1184]
draft=[4211, 264, 7868, 4916, 8128, 382]
draft=[4211, 264, 7868, 4916, 8128, 382]
draft=[2518, 36754, 4916, 8128, 382, 1654]
draft=[2518, 36754, 4916, 8128, 382, 1654]
draft=[13, 1205, 3278, 990, 264, 2436]
draft=[13, 1205, 3278, 990, 264, 2436]
draft=[11, 582, 3278, 990, 264, 2436]
draft=[11, 582, 3278, 990, 264, 2436]
draft=[821, 374, 9763, 304, 264, 2436]
draft=[821, 374, 9763, 304, 264, 2436]
draft=[3553, 279, 2436, 304, 279, 4916]
draft=[3553, 279, 2436, 304, 279, 4916]
draft=[1865, 504, 264, 2436, 1380, 1817]
draft=[1865, 504, 264, 2436, 1380, 1817]
draft=[553, 27480, 279, 7798, 304, 279]
draft=[553, 27480, 279, 7798, 304, 279]
draft=[279, 7798, 304, 279, 4916, 13]
draft=[279, 7798, 304, 279, 4916, 13]
draft=[13, 1205, 3278, 4211, 264, 2436]
draft=[13, 1205, 3278, 4211, 264, 2436]
draft=[7868, 4916, 11, 582, 646, 990]
draft=[7868, 4916, 11, 582, 646, 990]
draft=[7868, 4916, 11, 582, 1184, 311]
draft=[7868, 4916, 11, 582, 1184, 311]
draft=[36754, 4916, 11, 582, 1184, 311]
draft=[36754, 4916, 11, 582, 1184, 311]
draft=[5602, 279, 4916, 553, 38093, 7798]
draft=[5602, 279, 4916, 553, 38093, 7798]
draft=[419, 553, 1667, 264, 2436, 311]
draft=[419, 553, 1667, 264, 2436, 311]
draft=[553, 27480, 7798, 304, 264, 4916]
draft=[553, 27480, 7798, 304, 264, 4916]
draft=[264, 2436, 2436, 320, 1955, 8]
draft=[264, 2436, 2436, 320, 1955, 8]
draft=[4916, 5944, 1380, 1817, 2436, 374]
draft=[4916, 5944, 1380, 1817, 2436, 374]
draft=[320, 4803, 264, 2436, 1380, 1817]
draft=[320, 4803, 264, 2436, 1380, 1817]
draft=[1380, 1817, 2436, 374, 12601, 264]
draft=[1380, 1817, 2436, 374, 12601, 264]
draft=[5656, 2436, 374, 279, 2436, 4916]
draft=[5656, 2436, 374, 279, 2436, 4916]
draft=[11445, 264, 501, 2436, 11, 323]
draft=[11445, 264, 501, 2436, 11, 323]
draft=[7798, 11, 323, 279, 7798, 525]
draft=[7798, 11, 323, 279, 7798, 525]
draft=[279, 4024, 4916, 374, 279, 2681]
draft=[279, 4024, 4916, 374, 279, 2681]
draft=[646, 10301, 279, 4916, 594, 5888]
draft=[646, 10301, 279, 4916, 594, 5888]
draft=[279, 4916, 5944, 311, 10301, 279]
draft=[279, 4916, 5944, 311, 10301, 279]
draft=[1113, 550, 1380, 279, 4024, 2436]
draft=[1113, 550, 1380, 279, 4024, 2436]
draft=[429, 525, 537, 10802, 13, 1205]
draft=[429, 525, 537, 10802, 13, 1205]
draft=[13, 1205, 3278, 990, 264, 2436]
draft=[13, 1205, 3278, 990, 264, 2436]
draft=[3110, 11, 582, 646, 5656, 264]
draft=[3110, 11, 582, 646, 5656, 264]
draft=[264, 2436, 374, 21527, 11, 582]
draft=[264, 2436, 374, 21527, 11, 582]
draft=[264, 2436, 11, 582, 1184, 311]
draft=[264, 2436, 11, 582, 1184, 311]
draft=[2436, 11, 582, 646, 5656, 7798]
draft=[2436, 11, 582, 646, 5656, 7798]
draft=[264, 501, 2436, 429, 5610, 279]
draft=[264, 501, 2436, 429, 5610, 279]
draft=[2436, 11, 323, 1221, 5656, 432]
draft=[2436, 11, 323, 1221, 5656, 432]
draft=[323, 279, 4916, 374, 5497, 13]
draft=[323, 279, 4916, 374, 5497, 13]
draft=[279, 501, 2436, 11, 582, 646]
draft=[279, 501, 2436, 11, 582, 646]
draft=[1380, 279, 2115, 2436, 374, 2518]
draft=[1380, 279, 2115, 2436, 374, 2518]
draft=[279, 2436, 11, 582, 2647, 279]
draft=[279, 2436, 11, 582, 2647, 279]
draft=[311, 2436, 11, 2647, 279, 4916]
draft=[311, 2436, 11, 2647, 279, 4916]
draft=[35747, 11, 5656, 501, 7798, 11]
draft=[35747, 11, 5656, 501, 7798, 11]
draft=[11, 582, 2297, 279, 4916, 311]
draft=[11, 582, 2297, 279, 4916, 311]
draft=[501, 7798, 13, 1205, 3278, 5656]
draft=[501, 7798, 13, 1205, 3278, 5656]
draft=[1393, 279, 2681, 7798, 525, 279]
draft=[1393, 279, 2681, 7798, 525, 279]
draft=[279, 4916, 8457, 279, 1852, 13]
draft=[279, 4916, 8457, 279, 1852, 13]
draft=[7858, 438, 279, 2115, 13, 1096]
draft=[7858, 438, 279, 2115, 13, 1096]
draft=[429, 525, 279, 1852, 13, 1205]
draft=[429, 525, 279, 1852, 13, 1205]
draft=[1852, 13, 1205, 3278, 1184, 311]
draft=[1852, 13, 1205, 3278, 1184, 311]
draft=[11, 582, 1184, 311, 3698, 7798]
draft=[11, 582, 1184, 311, 3698, 7798]
draft=[35884, 382, 1654, 3278, 990, 264]
draft=[35884, 382, 1654, 3278, 990, 264]
draft=[311, 4211, 264, 2436, 4916, 311]
draft=[311, 4211, 264, 2436, 4916, 311]
draft=[11, 35884, 11, 323, 35884, 13]
draft=[11, 35884, 11, 323, 35884, 13]
draft=[35884, 13, 1205, 3278, 5656, 264]
draft=[35884, 13, 1205, 3278, 5656, 264]
draft=[68691, 13, 1205, 3278, 4211, 279]
draft=[68691, 13, 1205, 3278, 4211, 279]
draft=[68691, 13, 1205, 3278, 1083, 4211]
draft=[68691, 13, 1205, 3278, 1083, 4211]
draft=[68691, 382, 1654, 3278, 1083, 990]
draft=[68691, 382, 1654, 3278, 1083, 990]
draft=[13, 1205, 3278, 1083, 4211, 279]
draft=[13, 1205, 3278, 1083, 4211, 279]
draft=[264, 2436, 536, 311, 4009, 279]
draft=[264, 2436, 536, 311, 4009, 279]
draft=[4211, 279, 2436, 4916, 304, 279]
draft=[4211, 279, 2436, 4916, 304, 279]
draft=[2436, 5048, 382, 1654, 3278, 4211]
draft=[2436, 5048, 382, 1654, 3278, 4211]
draft=[1142, 1380, 279, 2436, 374, 3691]
draft=[1142, 1380, 279, 2436, 374, 3691]
draft=[5048, 382, 1654, 3278, 4211, 279]
draft=[5048, 382, 1654, 3278, 4211, 279]
draft=[7798, 320, 4803, 264, 2436, 8]
draft=[7798, 320, 4803, 264, 2436, 8]
draft=[1205, 3278, 1184, 311, 4211, 264]
draft=[1205, 3278, 1184, 311, 4211, 264]
draft=[264, 2518, 36754, 4916, 11, 582]
draft=[264, 2518, 36754, 4916, 11, 582]
draft=[11, 582, 646, 5656, 7798, 438]
draft=[11, 582, 646, 5656, 7798, 438]
draft=[11, 582, 646, 990, 264, 2436]
draft=[11, 582, 646, 990, 264, 2436]
draft=[264, 4285, 2436, 2436, 476, 264]
draft=[264, 4285, 2436, 2436, 476, 264]
draft=[2436, 2436, 429, 646, 387, 3691]
draft=[2436, 2436, 429, 646, 387, 3691]
draft=[2436, 369, 678, 7798, 11, 323]
draft=[2436, 369, 678, 7798, 11, 323]
draft=[269, 678, 3691, 7798, 8, 311]
draft=[269, 678, 3691, 7798, 8, 311]
draft=[7798, 8, 429, 646, 387, 10587]
draft=[7798, 8, 429, 646, 387, 10587]
draft=[429, 4009, 279, 4916, 13, 1205]
draft=[429, 4009, 279, 4916, 13, 1205]
draft=[678, 3691, 7798, 11, 323, 582]
draft=[678, 3691, 7798, 11, 323, 582]
draft=[1235, 291, 13, 1205, 3278, 1184]
draft=[1235, 291, 13, 1205, 3278, 1184]
draft=[12663, 198, 1040, 24923, 2518, 36754]
draft=[12663, 198, 1040, 24923, 2518, 36754]
draft=[6018, 320, 1955, 8, 429, 10863]
draft=[6018, 320, 1955, 8, 429, 10863]
draft=[2518, 36754, 4916, 320, 1040, 264]
draft=[2518, 36754, 4916, 320, 1040, 264]
draft=[36754, 8939, 320, 14407, 36754, 4916]
draft=[36754, 8939, 320, 14407, 36754, 4916]
draft=[14407, 8939, 8128, 198, 1040, 24923]
draft=[14407, 8939, 8128, 198, 1040, 24923]
draft=[198, 2, 1096, 8128, 374, 264]
draft=[198, 2, 1096, 8128, 374, 264]
draft=[15617, 11, 7290, 582, 646, 5656]
draft=[15617, 11, 7290, 582, 646, 5656]
draft=[11, 7290, 582, 1513, 944, 432]
draft=[11, 7290, 582, 1513, 944, 432]
draft=[7290, 429, 5656, 7798, 304, 279]
draft=[7290, 429, 5656, 7798, 304, 279]
draft=[5656, 5666, 320, 4208, 11, 5656]
draft=[5656, 5666, 320, 4208, 11, 5656]
draft=[320, 4208, 11, 5656, 11, 323]
draft=[320, 4208, 11, 5656, 11, 323]
draft=[264, 501, 2436, 320, 4197, 279]
draft=[264, 501, 2436, 320, 4197, 279]
draft=[2041, 279, 3704, 2436, 624, 2]
draft=[2041, 279, 3704, 2436, 624, 2]
draft=[46607, 279, 4024, 5944, 624, 2]
draft=[46607, 279, 4024, 5944, 624, 2]
draft=[2041, 279, 4024, 2436, 320, 4208]
draft=[2041, 279, 4024, 2436, 320, 4208]
draft=[279, 4024, 4916, 31855, 279, 4024]
draft=[279, 4024, 4916, 31855, 279, 4024]
draft=[34684, 13, 1205, 3278, 4211, 279]
draft=[34684, 13, 1205, 3278, 4211, 279]
draft=[5711, 2436, 7798, 369, 678, 7798]
draft=[5711, 2436, 7798, 369, 678, 7798]
draft=[3175, 2436, 2436, 369, 678, 7798]
draft=[3175, 2436, 2436, 369, 678, 7798]
draft=[2436, 369, 678, 7798, 624, 2]
draft=[2436, 369, 678, 7798, 624, 2]
draft=[438, 279, 2436, 2436, 382, 14364]
draft=[438, 279, 2436, 2436, 382, 14364]
draft=[2, 7798, 198, 2, 6018, 7798]
draft=[2, 7798, 198, 2, 6018, 7798]
draft=[678, 7798, 11, 7798, 11, 323]
draft=[678, 7798, 11, 7798, 11, 323]
draft=[7798, 11, 264, 2436, 7445, 11]
draft=[7798, 11, 264, 2436, 7445, 11]
draft=[374, 3691, 382, 73022, 12663, 198]
draft=[374, 3691, 382, 73022, 12663, 198]
draft=[6018, 510, 262, 707, 1304, 2327]
draft=[6018, 510, 262, 707, 1304, 2327]
draft=[6033, 6533, 510, 262, 671, 6018]
draft=[6033, 6533, 510, 262, 671, 6018]
draft=[14407, 6533, 510, 262, 671, 38685]
draft=[14407, 6533, 510, 262, 671, 38685]
draft=[510, 262, 707, 1304, 2327, 3804]
draft=[510, 262, 707, 1304, 2327, 3804]
draft=[3731, 14407, 6533, 510, 286, 6018]
draft=[3731, 14407, 6533, 510, 286, 6018]
draft=[510, 286, 6018, 1955, 510, 286]
draft=[510, 286, 6018, 1955, 510, 286]
draft=[2327, 3804, 721, 11, 1376, 340]
draft=[2327, 3804, 721, 11, 1376, 340]
draft=[563, 284, 2240, 198, 286, 6018]
draft=[563, 284, 2240, 198, 286, 6018]
draft=[957, 516, 364, 957, 516, 364]
draft=[957, 516, 364, 957, 516, 364]
draft=[516, 364, 957, 516, 364, 957]
draft=[516, 364, 957, 516, 364, 957]
draft=[516, 364, 1291, 516, 364, 957]
draft=[516, 364, 1291, 516, 364, 957]
draft=[516, 364, 2359, 516, 364, 2359]
draft=[516, 364, 2359, 516, 364, 2359]
draft=[516, 364, 2359, 516, 364, 2359]
draft=[516, 364, 2359, 516, 364, 2359]
draft=[262, 656, 1436, 2888, 284, 320]
draft=[262, 656, 1436, 2888, 284, 320]
draft=[707, 1304, 721, 3804, 721, 11]
draft=[707, 1304, 721, 3804, 721, 11]
draft=[3804, 721, 11, 1376, 11, 1376]
draft=[3804, 721, 11, 1376, 11, 1376]
draft=[11, 897, 982, 310]
draft=[11, 897, 982, 310]
draft=[11, 2518]
draft=[11, 2518]
