draft=[579, 264, 7047, 1817]
draft=[579, 264, 7047, 1817]
draft=[271, 16, 13, 220]
draft=[271, 16, 13, 220]
draft=[15771, 2598, 279, 2570]
draft=[15771, 2598, 279, 2570]
draft=[5952, 64700, 198, 12]
draft=[5952, 64700, 198, 12]
draft=[471, 2972, 6911, 64700]
draft=[471, 2972, 6911, 64700]
draft=[27662, 64700, 64295, 11]
draft=[27662, 64700, 64295, 11]
draft=[12, 14004, 8672, 318]
draft=[12, 14004, 8672, 318]
draft=[17078, 8, 198, 12]
draft=[17078, 8, 198, 12]
draft=[471, 2972, 10133, 64700]
draft=[471, 2972, 10133, 64700]
draft=[12296, 64700, 198, 257]
draft=[12296, 64700, 198, 257]
draft=[16598, 289, 11, 34872]
draft=[16598, 289, 11, 34872]
draft=[50853, 11, 997, 12928]
draft=[50853, 11, 997, 12928]
draft=[11, 733, 60339, 11]
draft=[11, 733, 60339, 11]
draft=[22306, 198, 256, 471]
draft=[22306, 198, 256, 471]
draft=[57201, 64700, 18047, 11]
draft=[57201, 64700, 18047, 11]
draft=[44145, 290, 12654, 11]
draft=[44145, 290, 12654, 11]
draft=[198, 256, 471, 2972]
draft=[198, 256, 471, 2972]
draft=[10033, 1328, 303, 52778]
draft=[10033, 1328, 303, 52778]
draft=[52778, 430, 488, 708]
draft=[52778, 430, 488, 708]
draft=[708, 198, 271, 550]
draft=[708, 198, 271, 550]
draft=[271, 17, 13, 220]
draft=[271, 17, 13, 220]
draft=[1536, 73182, 594, 32666]
draft=[1536, 73182, 594, 32666]
draft=[64295, 3605, 12, 14004]
draft=[64295, 3605, 12, 14004]
draft=[12, 14004, 56892, 318]
draft=[12, 14004, 56892, 318]
draft=[198, 12, 2972, 10088]
draft=[198, 12, 2972, 10088]
draft=[471, 2972, 5844, 92217]
draft=[471, 2972, 5844, 92217]
draft=[64700, 198, 262, 471]
draft=[64700, 198, 262, 471]
draft=[623, 52778, 318, 258]
draft=[623, 52778, 318, 258]
draft=[198, 257, 220, 16]
draft=[198, 257, 220, 16]
draft=[6983, 2357, 369, 264]
draft=[6983, 2357, 369, 264]
draft=[2438, 466, 3565, 13]
draft=[2438, 466, 3565, 13]
draft=[256, 471, 561, 1118]
draft=[256, 471, 561, 1118]
draft=[220, 17, 13, 561]
draft=[220, 17, 13, 561]
draft=[369, 3565, 11, 321]
draft=[369, 3565, 11, 321]
draft=[198, 257, 220, 16]
draft=[198, 257, 220, 16]
draft=[13, 1942, 220, 16]
draft=[13, 1942, 220, 16]
draft=[318, 74327, 681, 1510]
draft=[318, 74327, 681, 1510]
draft=[8, 513, 3565, 11]
draft=[8, 513, 3565, 11]
draft=[198, 257, 220, 16]
draft=[198, 257, 220, 16]
draft=[13, 561, 3578, 369]
draft=[13, 561, 3578, 369]
draft=[264, 2357, 369, 264]
draft=[264, 2357, 369, 264]
draft=[11, 1141, 2748, 513]
draft=[11, 1141, 2748, 513]
draft=[1141, 2748, 513, 2438]
draft=[1141, 2748, 513, 2438]
draft=[13, 198, 257, 220]
draft=[13, 198, 257, 220]
draft=[2083, 1923, 2438, 82]
draft=[2083, 1923, 2438, 82]
draft=[2438, 23173, 16720, 553]
draft=[2438, 23173, 16720, 553]
draft=[2438, 82, 553, 198]
draft=[2438, 82, 553, 198]
draft=[553, 198, 257, 220]
draft=[553, 198, 257, 220]
draft=[13, 15, 369, 264]
draft=[13, 15, 369, 264]
draft=[1752, 494, 279, 3578]
draft=[1752, 494, 279, 3578]
draft=[2357, 310, 264, 2574]
draft=[2357, 310, 264, 2574]
draft=[73260, 10583, 318, 15693]
draft=[73260, 10583, 318, 15693]
draft=[279, 1788, 1324, 314]
draft=[279, 1788, 1324, 314]
draft=[318, 11553, 8, 4947]
draft=[318, 11553, 8, 4947]
draft=[318, 2479, 553, 198]
draft=[318, 2479, 553, 198]
draft=[2521, 553, 198, 257]
draft=[2521, 553, 198, 257]
draft=[553, 198, 256, 471]
draft=[553, 198, 256, 471]
draft=[553, 198, 256, 471]
draft=[553, 198, 256, 471]
draft=[69132, 64700, 198, 12]
draft=[69132, 64700, 198, 12]
draft=[5488, 11121, 264, 491]
draft=[5488, 11121, 264, 491]
draft=[11121, 264, 491, 328]
draft=[11121, 264, 491, 328]
draft=[7552, 14, 20960, 11]
draft=[7552, 14, 20960, 11]
draft=[279, 1752, 11, 6611]
draft=[279, 1752, 11, 6611]
draft=[279, 3578, 11, 45328]
draft=[279, 3578, 11, 45328]
draft=[310, 279, 15463, 11]
draft=[310, 279, 15463, 11]
draft=[2357, 11, 45328, 660]
draft=[2357, 11, 45328, 660]
draft=[279, 3889, 5759, 33702]
draft=[279, 3889, 5759, 33702]
draft=[5759, 33702, 13, 1061]
draft=[5759, 33702, 13, 1061]
draft=[33295, 13, 1061, 369]
draft=[33295, 13, 1061, 369]
draft=[16496, 539, 1608, 264]
draft=[16496, 539, 1608, 264]
draft=[1608, 264, 29812, 5759]
draft=[1608, 264, 29812, 5759]
draft=[15170, 14, 92386, 1752]
draft=[15170, 14, 92386, 1752]
draft=[11227, 466, 1752, 30021]
draft=[11227, 466, 1752, 30021]
draft=[198, 256, 471, 2972]
draft=[198, 256, 471, 2972]
draft=[64700, 198, 256, 471]
draft=[64700, 198, 256, 471]
draft=[289, 321, 34872, 513]
draft=[289, 321, 34872, 513]
draft=[16097, 12013, 278, 8703]
draft=[16097, 12013, 278, 8703]
draft=[321, 12013, 278, 8703]
draft=[321, 12013, 278, 8703]
draft=[1347, 764, 286, 11]
draft=[1347, 764, 286, 11]
draft=[310, 10000, 279, 55687]
draft=[310, 10000, 279, 55687]
draft=[52778, 13, 198, 256]
draft=[52778, 13, 198, 256]
draft=[39604, 11, 1754, 5488]
draft=[39604, 11, 1754, 5488]
draft=[24207, 6047, 11, 1754]
draft=[24207, 6047, 11, 1754]
draft=[1144, 310, 1791, 264]
draft=[1144, 310, 1791, 264]
draft=[7552, 364, 1754, 1752]
draft=[7552, 364, 1754, 1752]
draft=[314, 279, 1752, 13]
draft=[314, 279, 1752, 13]
draft=[278, 8703, 1817, 13]
draft=[278, 8703, 1817, 13]
draft=[17, 13, 220, 2972]
draft=[17, 13, 220, 2972]
draft=[13, 220, 2972, 27382]
draft=[13, 220, 2972, 27382]
draft=[3588, 6591, 364, 64295]
draft=[3588, 6591, 364, 64295]
draft=[17078, 64700, 198, 760]
draft=[17078, 64700, 198, 760]
draft=[12654, 64700, 198, 12]
draft=[12654, 64700, 198, 12]
draft=[471, 2972, 1008, 67678]
draft=[471, 2972, 1008, 67678]
draft=[75371, 64700, 37964, 11]
draft=[75371, 64700, 37964, 11]
draft=[506, 3140, 11, 264]
draft=[506, 3140, 11, 264]
draft=[12, 49422, 318, 68]
draft=[12, 49422, 318, 68]
draft=[5738, 13, 8618, 2357]
draft=[5738, 13, 8618, 2357]
draft=[567, 2224, 14131, 440]
draft=[567, 2224, 14131, 440]
draft=[369, 49835, 11, 567]
draft=[369, 49835, 11, 567]
draft=[914, 599, 5617, 3309]
draft=[914, 599, 5617, 3309]
draft=[49835, 4346, 11, 694]
draft=[49835, 4346, 11, 694]
draft=[271, 623, 32671, 11]
draft=[271, 623, 32671, 11]
draft=[369, 264, 15352, 8214]
draft=[369, 264, 15352, 8214]
draft=[11, 1575, 44145, 290]
draft=[11, 1575, 44145, 290]
draft=[7873, 314, 264, 2972]
draft=[7873, 314, 264, 2972]
draft=[3605, 12, 14004, 56892]
draft=[3605, 12, 14004, 56892]
draft=[35721, 4757, 318, 12949]
draft=[35721, 4757, 318, 12949]
draft=[271, 13962, 27662, 198]
draft=[271, 13962, 27662, 198]
draft=[3172, 4088, 1472, 279]
draft=[3172, 4088, 1472, 279]
draft=[279, 1328, 2790, 11125]
draft=[279, 1328, 2790, 11125]
draft=[52778, 11, 1204, 781]
draft=[52778, 11, 1204, 781]
draft=[2790, 11125, 11, 321]
draft=[2790, 11125, 11, 321]
draft=[8024, 11, 321, 279]
draft=[8024, 11, 321, 279]
draft=[278, 8703, 11870, 303]
draft=[278, 8703, 11870, 303]
draft=[567, 708, 13, 271]
draft=[567, 708, 13, 271]
draft=[279, 1970, 13, 271]
draft=[279, 1970, 13, 271]
draft=[13, 271, 13962, 5141]
draft=[13, 271, 13962, 5141]
draft=[73182, 594, 3605, 12]
draft=[73182, 594, 3605, 12]
draft=[52778, 271, 760, 39604]
draft=[52778, 271, 760, 39604]
draft=[9923, 41005, 1083, 279]
draft=[9923, 41005, 1083, 279]
draft=[24207, 2438, 35721, 4757]
draft=[24207, 2438, 35721, 4757]
draft=[35721, 4757, 318, 18092]
draft=[35721, 4757, 318, 18092]
draft=[2943, 7620, 303, 52778]
draft=[2943, 7620, 303, 52778]
draft=[5706, 318, 258, 52778]
draft=[5706, 318, 258, 52778]
draft=[20, 303, 52778, 318]
draft=[20, 303, 52778, 318]
draft=[198, 16, 13, 2972]
draft=[198, 16, 13, 2972]
draft=[64700, 6983, 2357, 369]
draft=[64700, 6983, 2357, 369]
draft=[2438, 466, 3565, 318]
draft=[2438, 466, 3565, 318]
draft=[6301, 63, 318, 269]
draft=[6301, 63, 318, 269]
draft=[1510, 60734, 27653, 198]
draft=[1510, 60734, 27653, 198]
draft=[13, 2972, 8179, 64700]
draft=[13, 2972, 8179, 64700]
draft=[3578, 369, 2590, 264]
draft=[3578, 369, 2590, 264]
draft=[60734, 27653, 198, 18]
draft=[60734, 27653, 198, 18]
