draft=[579, 264, 7047, 1817]
draft=[579, 264, 7047, 1817]
draft=[271, 16, 13, 220]
draft=[271, 16, 13, 220]
draft=[15771, 2598, 279, 2570]
draft=[15771, 2598, 279, 2570]
draft=[5952, 64700, 198, 12]
draft=[5952, 64700, 198, 12]
draft=[471, 2972, 14162, 64700]
draft=[471, 2972, 14162, 64700]
draft=[27662, 64700, 64295, 2438]
draft=[27662, 64700, 64295, 2438]
draft=[12, 14004, 8672, 318]
draft=[12, 14004, 8672, 318]
draft=[17078, 8, 198, 12]
draft=[17078, 8, 198, 12]
draft=[471, 2972, 10133, 64700]
draft=[471, 2972, 10133, 64700]
draft=[12296, 64700, 198, 257]
draft=[12296, 64700, 198, 257]
draft=[289, 11, 34872, 11]
draft=[289, 11, 34872, 11]
draft=[50853, 11, 997, 12928]
draft=[50853, 11, 997, 12928]
draft=[11, 733, 52778, 11]
draft=[11, 733, 52778, 11]
draft=[14650, 198, 256, 471]
draft=[14650, 198, 256, 471]
draft=[198, 256, 471, 2972]
draft=[198, 256, 471, 2972]
draft=[64700, 18047, 11, 1575]
draft=[64700, 18047, 11, 1575]
draft=[290, 12654, 11, 5187]
draft=[290, 12654, 11, 5187]
draft=[11, 1575, 44145, 290]
draft=[11, 1575, 44145, 290]
draft=[303, 52778, 314, 279]
draft=[303, 52778, 314, 279]
draft=[488, 708, 271, 16]
draft=[488, 708, 271, 16]
draft=[708, 198, 271, 1536]
draft=[708, 198, 271, 1536]
draft=[471, 2972, 1536, 32956]
draft=[471, 2972, 1536, 32956]
draft=[64700, 64295, 3605, 12]
draft=[64700, 64295, 3605, 12]
draft=[51407, 1, 3254, 279]
draft=[51407, 1, 3254, 279]
draft=[2957, 264, 491, 2243]
draft=[2957, 264, 491, 2243]
draft=[5488, 318, 4069, 289]
draft=[5488, 318, 4069, 289]
draft=[11121, 264, 491, 49835]
draft=[11121, 264, 491, 49835]
draft=[314, 279, 4757, 11]
draft=[314, 279, 4757, 11]
draft=[44504, 279, 3889, 11]
draft=[44504, 279, 3889, 11]
draft=[7552, 11, 10377, 364]
draft=[7552, 11, 10377, 364]
draft=[1061, 369, 264, 4047]
draft=[1061, 369, 264, 4047]
draft=[16496, 1608, 264, 3074]
draft=[16496, 1608, 264, 3074]
draft=[1608, 23016, 48575, 318]
draft=[1608, 23016, 48575, 318]
draft=[318, 80761, 264, 3074]
draft=[318, 80761, 264, 3074]
draft=[10020, 59970, 8, 321]
draft=[10020, 59970, 8, 321]
draft=[271, 17, 13, 220]
draft=[271, 17, 13, 220]
draft=[1536, 73182, 594, 81088]
draft=[1536, 73182, 594, 81088]
draft=[73182, 314, 64295, 3605]
draft=[73182, 314, 64295, 3605]
draft=[3605, 12, 14004, 56892]
draft=[3605, 12, 14004, 56892]
draft=[52778, 64700, 198, 12]
draft=[52778, 64700, 198, 12]
draft=[3605, 12, 14004, 56892]
draft=[3605, 12, 14004, 56892]
draft=[198, 256, 471, 2972]
draft=[198, 256, 471, 2972]
draft=[2357, 369, 264, 2357]
draft=[2357, 369, 264, 2357]
draft=[2438, 466, 3565, 318]
draft=[2438, 466, 3565, 318]
draft=[198, 12, 220, 16]
draft=[198, 12, 220, 16]
draft=[471, 561, 3578, 318]
draft=[471, 561, 3578, 318]
draft=[3565, 13, 198, 256]
draft=[3565, 13, 198, 256]
draft=[1942, 10583, 513, 2397]
draft=[1942, 10583, 513, 2397]
draft=[2827, 11, 466, 4147]
draft=[2827, 11, 466, 4147]
draft=[8, 513, 819, 318]
draft=[8, 513, 819, 318]
draft=[8, 513, 6306, 819]
draft=[8, 513, 6306, 819]
draft=[13, 198, 256, 471]
draft=[13, 198, 256, 471]
draft=[264, 2438, 318, 269]
draft=[264, 2438, 318, 269]
draft=[369, 2438, 11, 1141]
draft=[369, 2438, 11, 1141]
draft=[1141, 2748, 513, 2438]
draft=[1141, 2748, 513, 2438]
draft=[13, 198, 256, 471]
draft=[13, 198, 256, 471]
draft=[2083, 1923, 2438, 82]
draft=[2083, 1923, 2438, 82]
draft=[23173, 2438, 7552, 553]
draft=[23173, 2438, 7552, 553]
draft=[256, 471, 1942, 10583]
draft=[256, 471, 1942, 10583]
draft=[1752, 494, 279, 3578]
draft=[1752, 494, 279, 3578]
draft=[2357, 310, 264, 2574]
draft=[2357, 310, 264, 2574]
draft=[73260, 10583, 318, 15693]
draft=[73260, 10583, 318, 15693]
draft=[279, 1788, 1324, 314]
draft=[279, 1788, 1324, 314]
draft=[7552, 318, 2479, 82]
draft=[7552, 318, 2479, 82]
draft=[16565, 3234, 553, 198]
draft=[16565, 3234, 553, 198]
draft=[553, 198, 256, 471]
draft=[553, 198, 256, 471]
draft=[5706, 6762, 279, 328]
draft=[5706, 6762, 279, 328]
draft=[52778, 5790, 421, 279]
draft=[52778, 5790, 421, 279]
draft=[4757, 369, 12805, 220]
draft=[4757, 369, 12805, 220]
draft=[318, 2479, 211614, 220]
draft=[318, 2479, 211614, 220]
draft=[220, 17, 1433, 307]
draft=[220, 17, 1433, 307]
draft=[17, 1393, 4430, 271]
draft=[17, 1393, 4430, 271]
draft=[16, 4430, 271, 17]
draft=[16, 4430, 271, 17]
draft=[13, 220, 2972, 35]
draft=[13, 220, 2972, 35]
draft=[29806, 303, 3605, 12]
draft=[29806, 303, 3605, 12]
draft=[778, 64700, 198, 12]
draft=[778, 64700, 198, 12]
draft=[471, 733, 264, 15170]
draft=[471, 733, 264, 15170]
draft=[314, 44504, 6149, 7552]
draft=[314, 44504, 6149, 7552]
draft=[303, 40284, 7552, 11]
draft=[303, 40284, 7552, 11]
draft=[11, 567, 1791, 264]
draft=[11, 567, 1791, 264]
draft=[40284, 11, 567, 1791]
draft=[40284, 11, 567, 1791]
draft=[11, 567, 1791, 264]
draft=[11, 567, 1791, 264]
draft=[5488, 11121, 264, 491]
draft=[5488, 11121, 264, 491]
draft=[11121, 264, 491, 2357]
draft=[11121, 264, 491, 2357]
draft=[4069, 289, 11, 12331]
draft=[4069, 289, 11, 12331]
draft=[8, 11121, 264, 491]
draft=[8, 11121, 264, 491]
draft=[20911, 8, 11121, 264]
draft=[20911, 8, 11121, 264]
draft=[7552, 13, 198, 256]
draft=[7552, 13, 198, 256]
draft=[279, 1752, 13, 198]
draft=[279, 1752, 13, 198]
draft=[279, 3578, 310, 279]
draft=[279, 3578, 310, 279]
draft=[2357, 13, 198, 256]
draft=[2357, 13, 198, 256]
draft=[1188, 16842, 7552, 513]
draft=[1188, 16842, 7552, 513]
draft=[7552, 513, 5904, 3808]
draft=[7552, 513, 5904, 3808]
draft=[7610, 6922, 33702, 13]
draft=[7610, 6922, 33702, 13]
draft=[5904, 4417, 26564, 13]
draft=[5904, 4417, 26564, 13]
draft=[7552, 13, 198, 256]
draft=[7552, 13, 198, 256]
draft=[13, 198, 256, 471]
draft=[13, 198, 256, 471]
draft=[7225, 264, 795, 5759]
draft=[7225, 264, 795, 5759]
draft=[795, 13976, 318, 4650]
draft=[795, 13976, 318, 4650]
draft=[13976, 318, 269, 506]
draft=[13976, 318, 269, 506]
draft=[466, 264, 3074, 709]
draft=[466, 264, 3074, 709]
draft=[30021, 314, 7552, 13]
draft=[30021, 314, 7552, 13]
draft=[271, 13962, 5141, 11492]
draft=[271, 13962, 5141, 11492]
draft=[369, 264, 15352, 8214]
draft=[369, 264, 15352, 8214]
draft=[11, 1575, 44145, 290]
draft=[11, 1575, 44145, 290]
draft=[7873, 314, 264, 2972]
draft=[7873, 314, 264, 2972]
draft=[3605, 12, 14004, 8672]
draft=[3605, 12, 14004, 8672]
draft=[35721, 4757, 332, 318]
draft=[35721, 4757, 332, 318]
draft=[271, 13962, 5141, 19108]
draft=[271, 13962, 5141, 19108]
draft=[3172, 4088, 1472, 279]
draft=[3172, 4088, 1472, 279]
draft=[279, 2790, 11125, 321]
draft=[279, 2790, 11125, 321]
draft=[52778, 11, 1204, 781]
draft=[52778, 11, 1204, 781]
draft=[39604, 8024, 11, 321]
draft=[39604, 8024, 11, 321]
draft=[1970, 5759, 2923, 13909]
draft=[1970, 5759, 2923, 13909]
draft=[278, 8703, 11870, 303]
draft=[278, 8703, 11870, 303]
draft=[567, 708, 13, 271]
draft=[567, 708, 13, 271]
draft=[279, 1970, 13, 271]
draft=[279, 1970, 13, 271]
draft=[13, 271, 13962, 5141]
draft=[13, 271, 13962, 5141]
draft=[271, 550, 27416, 25]
draft=[271, 550, 27416, 25]
draft=[10838, 241, 244, 9237]
draft=[10838, 241, 244, 9237]
draft=[3605, 12, 14004, 56892]
draft=[3605, 12, 14004, 56892]
draft=[73182, 594, 733, 52778]
draft=[73182, 594, 733, 52778]
draft=[52778, 314, 264, 3605]
draft=[52778, 314, 264, 3605]
draft=[12, 14004, 56892, 198]
draft=[12, 14004, 56892, 198]
draft=[41005, 1083, 264, 24207]
draft=[41005, 1083, 264, 24207]
draft=[11, 567, 6762, 264]
draft=[11, 567, 6762, 264]
draft=[579, 9845, 279, 5129]
draft=[579, 9845, 279, 5129]
draft=[279, 30744, 303, 52778]
draft=[279, 30744, 303, 52778]
draft=[5426, 421, 6762, 264]
draft=[5426, 421, 6762, 264]
draft=[52778, 421, 6762, 264]
draft=[52778, 421, 6762, 264]
draft=[2438, 35721, 4757, 1902]
draft=[2438, 35721, 4757, 1902]
draft=[423, 17078, 2357, 1902]
draft=[423, 17078, 2357, 1902]
draft=[25705, 25, 198, 16]
draft=[25705, 25, 198, 16]
draft=[2972, 1579, 92217, 1942]
draft=[2972, 1579, 92217, 1942]
draft=[92217, 6983, 2357, 369]
draft=[92217, 6983, 2357, 369]
draft=[2438, 466, 3565, 318]
draft=[2438, 466, 3565, 318]
draft=[6301, 63, 318, 269]
draft=[6301, 63, 318, 269]
draft=[1510, 60734, 27653, 198]
draft=[1510, 60734, 27653, 198]
