draft=[604, 330, 3827, 377, 340, 3201, 268, 268, 447, 340, 340, 35485, 405, 404, 3157]
draft=[604, 330, 3827, 377, 340, 3201, 268, 268, 447, 340, 340, 35485, 405, 404, 3157]
draft=[1810, 3201, 377, 340, 82, 3201, 3201, 340, 365, 350, 2825, 2825, 350, 1172, 447]
draft=[1810, 3201, 377, 340, 82, 3201, 3201, 340, 365, 350, 2825, 2825, 350, 1172, 447]
draft=[354, 3201, 377, 340, 2833, 83, 350, 350, 350, 350, 447, 377, 350, 350, 268]
draft=[354, 3201, 377, 340, 2833, 83, 350, 350, 350, 350, 447, 377, 350, 350, 268]
draft=[3201, 377, 340, 430, 3201, 83, 350, 83, 350, 740, 350, 35485, 340, 350, 350]
draft=[3201, 377, 340, 430, 3201, 83, 350, 83, 350, 740, 350, 35485, 340, 350, 350]
draft=[14405, 14405, 466, 340, 605, 95, 350, 447, 447, 447, 377, 268, 268, 350, 350]
draft=[14405, 14405, 466, 340, 605, 95, 350, 447, 447, 447, 377, 268, 268, 350, 350]
draft=[14107, 3418, 466, 350, 605, 350, 350, 72, 268, 268, 447, 268, 268, 1117, 268]
draft=[14107, 3418, 466, 350, 605, 350, 350, 72, 268, 268, 447, 268, 268, 1117, 268]
draft=[3418, 95, 350, 605, 350, 740, 72, 268, 72, 447, 268, 1117, 341, 447, 268]
draft=[3418, 95, 350, 605, 350, 740, 72, 268, 72, 447, 268, 1117, 341, 447, 268]
draft=[750, 35485, 95, 350, 350, 83, 268, 72, 268, 1913, 1200, 268, 268, 268, 268]
draft=[750, 35485, 95, 350, 350, 83, 268, 72, 268, 1913, 1200, 268, 268, 268, 268]
draft=[2356, 3886, 95, 350, 81, 35485, 7958, 72, 350, 72, 72, 350, 1172, 2052, 350]
draft=[2356, 3886, 95, 350, 81, 35485, 7958, 72, 350, 72, 72, 350, 1172, 2052, 350]
draft=[95, 350, 605, 2825, 72, 72, 99, 2980, 72, 7958, 5432, 1170, 1143, 5518, 99]
draft=[95, 350, 605, 2825, 72, 72, 99, 2980, 72, 7958, 5432, 1170, 1143, 5518, 99]
draft=[2553, 10981, 1334, 10780, 81, 2553, 268, 268, 842, 268, 341, 410, 81, 4350, 81]
draft=[2553, 10981, 1334, 10780, 81, 2553, 268, 268, 842, 268, 341, 410, 81, 4350, 81]
draft=[268, 2553, 10504, 1334, 10780, 81, 1864, 6395, 268, 341, 525, 410, 330, 1117, 1117]
draft=[268, 2553, 10504, 1334, 10780, 81, 1864, 6395, 268, 341, 525, 410, 330, 1117, 1117]
draft=[81, 1864, 81, 25627, 350, 1290, 6395, 268, 268, 341, 3627, 3627, 96193, 96193, 1117]
draft=[81, 1864, 81, 25627, 350, 1290, 6395, 268, 268, 341, 3627, 3627, 96193, 96193, 1117]
draft=[81, 1290, 6395, 95, 1117, 1117, 268, 3627, 3627, 3627, 96193, 1117, 1117, 19348, 1117]
draft=[81, 1290, 6395, 95, 1117, 1117, 268, 3627, 3627, 3627, 96193, 1117, 1117, 19348, 1117]
draft=[81, 25627, 350, 1290, 3157, 77144, 1117, 341, 3627, 268, 3627, 96193, 2052, 1117, 268]
draft=[81, 25627, 350, 1290, 3157, 77144, 1117, 341, 3627, 268, 3627, 96193, 2052, 1117, 268]
draft=[77144, 1117, 268, 341, 3627, 268, 2130, 2130, 405, 340, 419, 268, 268, 370, 37145]
draft=[77144, 1117, 268, 341, 3627, 268, 2130, 2130, 405, 340, 419, 268, 268, 370, 37145]
draft=[28963, 6603, 405, 2733, 2733, 3418, 268, 341, 37145, 37145, 37145, 37145, 37145, 37145, 37145]
draft=[28963, 6603, 405, 2733, 2733, 3418, 268, 341, 37145, 37145, 37145, 37145, 37145, 37145, 37145]
draft=[2130, 405, 268, 341, 37145, 384, 37145, 87, 341, 37145, 65208, 384, 290, 87, 268]
draft=[2130, 405, 268, 341, 37145, 384, 37145, 87, 341, 37145, 65208, 384, 290, 87, 268]
draft=[6603, 19809, 268, 341, 37145, 384, 37145, 87, 268, 341, 84677, 384, 290, 5993, 268]
draft=[6603, 19809, 268, 341, 37145, 384, 37145, 87, 268, 341, 84677, 384, 290, 5993, 268]
draft=[268, 341, 37145, 384, 290, 87, 268, 341, 65208, 384, 384, 1117, 268, 341, 3627]
draft=[268, 341, 37145, 384, 290, 87, 268, 341, 65208, 384, 384, 1117, 268, 341, 3627]
draft=[268, 341, 84677, 384, 290, 86, 350, 1290, 3157, 5993, 95, 95, 341, 341, 790]
draft=[268, 341, 84677, 384, 290, 86, 350, 1290, 3157, 5993, 95, 95, 341, 341, 790]
draft=[384, 290, 86, 350, 1290, 28084, 5993, 95, 1117, 341, 3627, 790, 1913, 6798, 2052]
draft=[384, 290, 86, 350, 1290, 28084, 5993, 95, 1117, 341, 3627, 790, 1913, 6798, 2052]
draft=[1874, 95, 268, 341, 3627, 268, 341, 410, 2078, 2078, 2078, 466, 268, 370, 2733]
draft=[1874, 95, 268, 341, 3627, 268, 341, 410, 2078, 2078, 2078, 466, 268, 370, 2733]
draft=[28963, 3418, 2078, 466, 268, 328, 328, 268, 341, 341, 1913, 1913, 95, 370, 370]
draft=[28963, 3418, 2078, 466, 268, 328, 328, 268, 341, 341, 1913, 1913, 95, 370, 370]
draft=[1204, 83, 341, 341, 4073, 268, 341, 4073, 1913, 268, 370, 1913, 95, 81, 1053]
draft=[1204, 83, 341, 341, 4073, 268, 341, 4073, 1913, 268, 370, 1913, 95, 81, 1053]
draft=[1204, 268, 341, 328, 268, 341, 4073, 1913, 268, 370, 1913, 1913, 6798, 2052, 81]
draft=[1204, 268, 341, 328, 268, 341, 4073, 1913, 268, 370, 1913, 1913, 6798, 2052, 81]
draft=[32306, 83, 268, 341, 328, 268, 341, 4073, 1913, 268, 6798, 1913, 81, 1913, 81]
draft=[32306, 83, 268, 341, 328, 268, 341, 4073, 1913, 268, 6798, 1913, 81, 1913, 81]
draft=[83, 268, 341, 4073, 268, 341, 4073, 1913, 3335, 6798, 1913, 1913, 2052, 81, 370]
draft=[83, 268, 341, 4073, 268, 341, 4073, 1913, 3335, 6798, 1913, 1913, 2052, 81, 370]
draft=[328, 268, 341, 4073, 2078, 8473, 330, 3420, 268, 524, 410, 2078, 5895, 466, 268]
draft=[328, 268, 341, 4073, 2078, 8473, 330, 3420, 268, 524, 410, 2078, 5895, 466, 268]
draft=[268, 341, 419, 6395, 95, 410, 940, 341, 940, 2130, 940, 940, 404, 404, 404]
draft=[268, 341, 419, 6395, 95, 410, 940, 341, 940, 2130, 940, 940, 404, 404, 404]
draft=[95, 940, 268, 341, 419, 2130, 95, 404, 419, 419, 419, 419, 940, 940, 419]
draft=[95, 940, 268, 341, 419, 2130, 95, 404, 419, 419, 419, 419, 940, 940, 419]
draft=[940, 940, 268, 341, 419, 940, 95, 940, 940, 268, 341, 419, 2130, 95, 95]
draft=[940, 940, 268, 341, 419, 940, 95, 940, 940, 268, 341, 419, 2130, 95, 95]
draft=[365, 340, 268, 341, 419, 940, 95, 940, 940, 268, 419, 419, 2130, 95, 95]
draft=[365, 340, 268, 341, 419, 940, 95, 940, 940, 268, 419, 419, 2130, 95, 95]
draft=[2078, 268, 341, 419, 940, 95, 340, 940, 268, 341, 419, 2130, 2130, 2130, 2130]
draft=[2078, 268, 341, 419, 940, 95, 340, 940, 268, 341, 419, 2130, 2130, 2130, 2130]
draft=[95, 2733, 404, 268, 419, 419, 2016, 2016, 2016, 268, 268, 419, 2016, 2016, 2016]
draft=[95, 2733, 404, 268, 419, 419, 2016, 2016, 2016, 268, 268, 419, 2016, 2016, 2016]
draft=[509, 65208, 404, 1490, 341, 419, 2016, 2016, 2016, 81, 268, 365, 419, 419, 2016]
draft=[509, 65208, 404, 1490, 341, 419, 2016, 2016, 2016, 81, 268, 365, 419, 419, 2016]
draft=[341, 419, 2016, 95, 2016, 940, 405, 341, 419, 2016, 2016, 2016, 2016, 95, 5318]
draft=[341, 419, 2016, 95, 2016, 940, 405, 341, 419, 2016, 2016, 2016, 2016, 95, 5318]
draft=[95, 3420, 92640, 268, 341, 419, 1450, 1450, 1450, 3420, 3420, 3420, 3420, 3420, 95]
draft=[95, 3420, 92640, 268, 341, 419, 1450, 1450, 1450, 3420, 3420, 3420, 3420, 3420, 95]
draft=[8679, 404, 341, 419, 3420, 95, 3420, 2813, 405, 5318, 268, 341, 328, 1913, 341]
draft=[8679, 404, 341, 419, 3420, 95, 3420, 2813, 405, 5318, 268, 341, 328, 1913, 341]
draft=[404, 341, 419, 3420, 95, 3420, 2813, 5318, 268, 341, 328, 268, 341, 1913, 1913]
draft=[404, 341, 419, 3420, 95, 3420, 2813, 5318, 268, 341, 328, 268, 341, 1913, 1913]
draft=[405, 14405, 78, 268, 341, 419, 3420, 95, 3420, 2813, 5318, 404, 5681, 78, 341]
draft=[405, 14405, 78, 268, 341, 419, 3420, 95, 3420, 2813, 5318, 404, 5681, 78, 341]
draft=[78, 268, 341, 419, 3420, 95, 3420, 2813, 404, 404, 5681, 405, 3930, 78, 268]
draft=[78, 268, 341, 419, 3420, 95, 3420, 2813, 404, 404, 5681, 405, 3930, 78, 268]
draft=[404, 1309, 405, 78, 78, 268, 341, 3627, 268, 341, 790, 1913, 3335, 6798, 1913]
draft=[404, 1309, 405, 78, 78, 268, 341, 3627, 268, 341, 790, 1913, 3335, 6798, 1913]
draft=[405, 12083, 78, 268, 341, 3627, 268, 341, 790, 1913, 3335, 6798, 1913, 81, 6798]
draft=[405, 12083, 78, 268, 341, 3627, 268, 341, 790, 1913, 3335, 6798, 1913, 81, 6798]
draft=[78, 268, 341, 3627, 268, 341, 790, 1913, 3335, 6798, 2052, 81, 1112, 81, 81]
draft=[78, 268, 341, 3627, 268, 341, 790, 1913, 3335, 6798, 2052, 81, 1112, 81, 81]
draft=[328, 268, 341, 790, 1913, 3335, 6798, 2052, 81, 1112, 95, 6395, 81, 2130, 384]
draft=[328, 268, 341, 790, 1913, 3335, 6798, 2052, 81, 1112, 95, 6395, 81, 2130, 384]
draft=[81, 2130, 95, 6395, 384, 290, 81, 3420, 81, 3420, 81, 81, 1117, 268, 2130]
draft=[81, 2130, 95, 6395, 384, 290, 81, 3420, 81, 3420, 81, 81, 1117, 268, 2130]
draft=[64404, 81, 268, 268, 328, 328, 328, 328, 328, 328, 2130, 2130, 2130, 2130, 2130]
draft=[64404, 81, 268, 268, 328, 328, 328, 328, 328, 328, 2130, 2130, 2130, 2130, 2130]
draft=[328, 328, 328, 328, 328, 328, 328, 2016, 95, 10780, 128, 20533, 130, 3797, 81]
draft=[328, 328, 328, 328, 328, 328, 328, 2016, 95, 10780, 128, 20533, 130, 3797, 81]
draft=[25205, 1874, 1952, 384, 3797, 81, 268, 328, 328, 328, 328, 328, 328, 328, 328]
draft=[25205, 1874, 1952, 384, 3797, 81, 268, 328, 328, 328, 328, 328, 328, 328, 328]
draft=[95, 10780, 1552, 25205, 1874, 1952, 384, 3797, 81, 268, 328, 328, 328, 328, 328]
draft=[95, 10780, 1552, 25205, 1874, 1952, 384, 3797, 81, 268, 328, 328, 328, 328, 328]
draft=[328, 328, 3420, 95, 10780, 1552, 25205, 1874, 1952, 384, 3797, 1117, 370, 1200, 1200]
draft=[328, 328, 3420, 95, 10780, 1552, 25205, 1874, 1952, 384, 3797, 1117, 370, 1200, 1200]
draft=[370, 1200, 7850, 384, 1112, 268, 370, 1200, 15692, 384, 2130, 268, 370, 1200, 384]
draft=[370, 1200, 7850, 384, 1112, 268, 370, 1200, 15692, 384, 2130, 268, 370, 1200, 384]
draft=[384, 2016, 268, 370, 1200, 8666, 384, 1450, 268, 370, 1200, 15057, 384, 384, 268]
draft=[384, 2016, 268, 370, 1200, 8666, 384, 1450, 268, 370, 1200, 15057, 384, 384, 268]
draft=[268, 328, 328, 268, 341, 790, 1913, 9035, 6798, 2052, 78, 10780, 95, 268, 268]
draft=[268, 328, 328, 268, 341, 790, 1913, 9035, 6798, 2052, 78, 10780, 95, 268, 268]
draft=[36204, 2416, 78, 1698, 3767, 95, 268, 370, 3627, 268, 340, 558, 395, 395, 370]
draft=[36204, 2416, 78, 1698, 3767, 95, 268, 370, 3627, 268, 340, 558, 395, 395, 370]
draft=[558, 2078, 395, 2733, 2733, 8720, 370, 370, 658, 15692, 1010, 1010, 65208, 268, 268]
draft=[558, 2078, 395, 2733, 2733, 8720, 370, 370, 658, 15692, 1010, 1010, 65208, 268, 268]
draft=[268, 370, 658, 1200, 15692, 1010, 6395, 64404, 268, 328, 328, 268, 341, 790, 395]
draft=[268, 370, 658, 1200, 15692, 1010, 6395, 64404, 268, 328, 328, 268, 341, 790, 395]
draft=[2416, 78, 1698, 3767, 95, 268, 370, 3627, 3708, 558, 2078, 395, 5388, 8720, 268]
draft=[2416, 78, 1698, 3767, 95, 268, 370, 3627, 3708, 558, 2078, 395, 5388, 8720, 268]
draft=[341, 3627, 3767, 95, 268, 370, 3627, 3708, 558, 2078, 395, 395, 8720, 268, 370]
draft=[341, 3627, 3767, 95, 268, 370, 3627, 3708, 558, 2078, 395, 395, 8720, 268, 370]
draft=[395, 330, 3827, 95, 268, 370, 3627, 3708, 558, 2078, 395, 5388, 8720, 268, 370]
draft=[395, 330, 3827, 95, 268, 370, 3627, 3708, 558, 2078, 395, 5388, 8720, 268, 370]
draft=[330, 3827, 81, 1810, 37295, 354, 2833, 377, 330, 14405, 28963, 3418, 350, 350, 328]
draft=[330, 3827, 81, 1810, 37295, 354, 2833, 377, 330, 14405, 28963, 3418, 350, 350, 328]
draft=[377, 330, 14405, 2733, 28963, 3418, 95, 350, 378, 3139, 350, 35485, 1334, 1117, 1117]
draft=[377, 330, 14405, 2733, 28963, 3418, 95, 350, 378, 3139, 350, 35485, 1334, 1117, 1117]
draft=[750, 340, 2356, 1991, 95, 350, 605, 2825, 268, 2553, 1334, 1334, 268, 22059, 22059]
draft=[750, 340, 2356, 1991, 95, 350, 605, 2825, 268, 2553, 1334, 1334, 268, 22059, 22059]
draft=[1991, 95, 350, 605, 2825, 268, 2553, 10981, 1334, 22059, 268, 268, 22059, 22059, 22059]
draft=[1991, 95, 350, 605, 2825, 268, 2553, 10981, 1334, 22059, 268, 268, 22059, 22059, 22059]
draft=[10504, 1334, 10780, 81, 4378, 81, 4378, 81, 25627, 350, 1290, 350, 1290, 1290, 77144]
draft=[10504, 1334, 10780, 81, 4378, 81, 4378, 81, 25627, 350, 1290, 350, 1290, 1290, 77144]
draft=[81, 4378, 81, 25627, 81, 1290, 6395, 1290, 77144, 1117, 268, 341, 3627, 5993, 28963]
draft=[81, 4378, 81, 25627, 81, 1290, 6395, 1290, 77144, 1117, 268, 341, 3627, 5993, 28963]
draft=[81, 25627, 350, 1290, 77144, 1117, 1117, 268, 341, 5993, 28963, 3418, 2078, 2078, 268]
draft=[81, 25627, 350, 1290, 77144, 1117, 1117, 268, 341, 5993, 28963, 3418, 2078, 2078, 268]
draft=[77144, 1117, 268, 341, 3627, 5993, 28963, 3418, 2078, 2130, 8720, 268, 341, 37145, 384]
draft=[77144, 1117, 268, 341, 3627, 5993, 28963, 3418, 2078, 2130, 8720, 268, 341, 37145, 384]
draft=[8720, 268, 341, 37145, 384, 290, 85, 268, 341, 65208, 384, 290, 86, 350, 1290]
draft=[8720, 268, 341, 37145, 384, 290, 85, 268, 341, 65208, 384, 290, 86, 350, 1290]
draft=[1874, 95, 268, 341, 3627, 268, 341, 3157, 28963, 3418, 2078, 466, 466, 6938, 405]
draft=[1874, 95, 268, 341, 3627, 268, 341, 3157, 28963, 3418, 2078, 466, 466, 6938, 405]
draft=[6938, 405, 17704, 83, 268, 328]
draft=[6938, 405, 17704, 83, 268, 328]
