draft=[579, 264, 7047, 1817]
draft=[579, 264, 7047, 1817]
draft=[271, 16, 13, 220]
draft=[271, 16, 13, 220]
draft=[15771, 2598, 279, 2570]
draft=[15771, 2598, 279, 2570]
draft=[5952, 64700, 198, 12]
draft=[5952, 64700, 198, 12]
draft=[471, 2972, 6911, 64700]
draft=[471, 2972, 6911, 64700]
draft=[27662, 64700, 64295, 11]
draft=[27662, 64700, 64295, 11]
draft=[12, 14004, 8672, 318]
draft=[12, 14004, 8672, 318]
draft=[17078, 8, 198, 12]
draft=[17078, 8, 198, 12]
draft=[471, 2972, 10133, 64700]
draft=[471, 2972, 10133, 64700]
draft=[12296, 64700, 198, 257]
draft=[12296, 64700, 198, 257]
draft=[16598, 289, 11, 34872]
draft=[16598, 289, 11, 34872]
draft=[50853, 11, 997, 12928]
draft=[50853, 11, 997, 12928]
draft=[11, 733, 60339, 11]
draft=[11, 733, 60339, 11]
draft=[22306, 198, 256, 471]
draft=[22306, 198, 256, 471]
draft=[57201, 64700, 18047, 11]
draft=[57201, 64700, 18047, 11]
draft=[44145, 290, 12654, 11]
draft=[44145, 290, 12654, 11]
draft=[198, 256, 471, 2972]
draft=[198, 256, 471, 2972]
draft=[10033, 303, 52778, 11]
draft=[10033, 303, 52778, 11]
draft=[488, 708, 271, 550]
draft=[488, 708, 271, 550]
draft=[708, 198, 17, 13]
draft=[708, 198, 17, 13]
draft=[271, 17, 13, 220]
draft=[271, 17, 13, 220]
draft=[1536, 73182, 594, 32666]
draft=[1536, 73182, 594, 32666]
draft=[64295, 3605, 12, 14004]
draft=[64295, 3605, 12, 14004]
draft=[12, 14004, 56892, 318]
draft=[12, 14004, 56892, 318]
draft=[198, 12, 2972, 7865]
draft=[198, 12, 2972, 7865]
draft=[471, 2972, 5844, 12]
draft=[471, 2972, 5844, 12]
draft=[64700, 198, 262, 471]
draft=[64700, 198, 262, 471]
draft=[623, 52778, 64700, 198]
draft=[623, 52778, 64700, 198]
draft=[220, 16, 13, 220]
draft=[220, 16, 13, 220]
draft=[2357, 369, 264, 328]
draft=[2357, 369, 264, 328]
draft=[2438, 466, 3565, 13]
draft=[2438, 466, 3565, 13]
draft=[257, 220, 17, 13]
draft=[257, 220, 17, 13]
draft=[3578, 369, 2590, 264]
draft=[3578, 369, 2590, 264]
draft=[13, 198, 257, 220]
draft=[13, 198, 257, 220]
draft=[13, 561, 3578, 369]
draft=[13, 561, 3578, 369]
draft=[10583, 318, 269, 10583]
draft=[10583, 318, 269, 10583]
draft=[8, 513, 819, 11]
draft=[8, 513, 819, 11]
draft=[8, 513, 524, 303]
draft=[8, 513, 524, 303]
draft=[13, 198, 257, 220]
draft=[13, 198, 257, 220]
draft=[13, 20, 369, 264]
draft=[13, 20, 369, 264]
draft=[264, 2357, 369, 264]
draft=[264, 2357, 369, 264]
draft=[11, 1141, 2748, 513]
draft=[11, 1141, 2748, 513]
draft=[1141, 2748, 513, 279]
draft=[1141, 2748, 513, 279]
draft=[13, 198, 257, 471]
draft=[13, 198, 257, 471]
draft=[2083, 1923, 2438, 82]
draft=[2083, 1923, 2438, 82]
draft=[2438, 7552, 553, 198]
draft=[2438, 7552, 553, 198]
draft=[2438, 82, 553, 198]
draft=[2438, 82, 553, 198]
draft=[220, 20, 13, 561]
draft=[220, 20, 13, 561]
draft=[1396, 1752, 494, 279]
draft=[1396, 1752, 494, 279]
draft=[2357, 11, 279, 1324]
draft=[2357, 11, 279, 1324]
draft=[12351, 494, 279, 3578]
draft=[12351, 494, 279, 3578]
draft=[12351, 494, 279, 3578]
draft=[12351, 494, 279, 3578]
draft=[310, 279, 22746, 10583]
draft=[310, 279, 22746, 10583]
draft=[10583, 369, 264, 4574]
draft=[10583, 369, 264, 4574]
draft=[279, 1788, 1324, 314]
draft=[279, 1788, 1324, 314]
draft=[318, 11553, 8, 4947]
draft=[318, 11553, 8, 4947]
draft=[13, 198, 256, 471]
draft=[13, 198, 256, 471]
draft=[11124, 16565, 3234, 553]
draft=[11124, 16565, 3234, 553]
draft=[256, 471, 2972, 623]
draft=[256, 471, 2972, 623]
draft=[64700, 16598, 289, 20218]
draft=[64700, 16598, 289, 20218]
draft=[5488, 11121, 264, 491]
draft=[5488, 11121, 264, 491]
draft=[11121, 264, 491, 49835]
draft=[11121, 264, 491, 49835]
draft=[314, 279, 4757, 11]
draft=[314, 279, 4757, 11]
draft=[44504, 279, 3889, 13]
draft=[44504, 279, 3889, 13]
draft=[7552, 13, 1061, 369]
draft=[7552, 13, 1061, 369]
draft=[11227, 279, 1788, 16045]
draft=[11227, 279, 1788, 16045]
draft=[1144, 310, 958, 264]
draft=[1144, 310, 958, 264]
draft=[795, 13976, 318, 4650]
draft=[795, 13976, 318, 4650]
draft=[466, 506, 3140, 15170]
draft=[466, 506, 3140, 15170]
draft=[10020, 59970, 13976, 11]
draft=[10020, 59970, 13976, 11]
draft=[13, 198, 256, 471]
draft=[13, 198, 256, 471]
draft=[12654, 11, 1754, 2357]
draft=[12654, 11, 1754, 2357]
draft=[628, 958, 43716, 466]
draft=[628, 958, 43716, 466]
draft=[795, 13976, 318, 4650]
draft=[795, 13976, 318, 4650]
draft=[466, 6632, 421, 4072]
draft=[466, 6632, 421, 4072]
draft=[264, 523, 440, 264]
draft=[264, 523, 440, 264]
draft=[2357, 5978, 440, 11135]
draft=[2357, 5978, 440, 11135]
draft=[1754, 2357, 13, 271]
draft=[1754, 2357, 13, 271]
draft=[13, 271, 17, 13]
draft=[13, 271, 17, 13]
draft=[3172, 958, 264, 523]
draft=[3172, 958, 264, 523]
draft=[5313, 1332, 1754, 2357]
draft=[5313, 1332, 1754, 2357]
draft=[1510, 8298, 4322, 8892]
draft=[1510, 8298, 4322, 8892]
draft=[30021, 314, 7552, 11]
draft=[30021, 314, 7552, 11]
draft=[4735, 330, 2803, 13]
draft=[4735, 330, 2803, 13]
draft=[13, 271, 17, 13]
draft=[13, 271, 17, 13]
draft=[39604, 13, 271, 18]
draft=[39604, 13, 271, 18]
draft=[13, 271, 17, 13]
draft=[13, 271, 17, 13]
draft=[471, 2972, 674, 12928]
draft=[471, 2972, 674, 12928]
draft=[64700, 198, 256, 471]
draft=[64700, 198, 256, 471]
draft=[471, 2972, 13384, 289]
draft=[471, 2972, 13384, 289]
draft=[289, 25, 1510, 69]
draft=[289, 25, 1510, 69]
draft=[42102, 34736, 11, 1179]
draft=[42102, 34736, 11, 1179]
draft=[685, 13, 198, 257]
draft=[685, 13, 198, 257]
draft=[1114, 35721, 8, 310]
draft=[1114, 35721, 8, 310]
draft=[20911, 8, 539, 2438]
draft=[20911, 8, 539, 2438]
draft=[14519, 2438, 35721, 13]
draft=[14519, 2438, 35721, 13]
draft=[5706, 13, 198, 257]
draft=[5706, 13, 198, 257]
draft=[17078, 5706, 13, 198]
draft=[17078, 5706, 13, 198]
draft=[471, 1526, 50853, 25]
draft=[471, 1526, 50853, 25]
draft=[42102, 34872, 11, 13329]
draft=[42102, 34872, 11, 13329]
draft=[4884, 1441, 318, 265]
draft=[4884, 1441, 318, 265]
draft=[271, 623, 264, 7620]
draft=[271, 623, 264, 7620]
draft=[369, 264, 15352, 8214]
draft=[369, 264, 15352, 8214]
draft=[11, 1575, 44145, 290]
draft=[11, 1575, 44145, 290]
draft=[7873, 314, 264, 2972]
draft=[7873, 314, 264, 2972]
draft=[3605, 12, 14004, 56892]
draft=[3605, 12, 14004, 56892]
draft=[35721, 4757, 318, 12949]
draft=[35721, 4757, 318, 12949]
draft=[4558, 13962, 5141, 73182]
draft=[4558, 13962, 5141, 73182]
draft=[3172, 4088, 1472, 279]
draft=[3172, 4088, 1472, 279]
draft=[279, 1328, 2790, 10856]
draft=[279, 1328, 2790, 10856]
draft=[52778, 11, 1204, 781]
draft=[52778, 11, 1204, 781]
draft=[2790, 11125, 11, 321]
draft=[2790, 11125, 11, 321]
draft=[16456, 11, 321, 279]
draft=[16456, 11, 321, 279]
draft=[11, 321, 279, 2790]
draft=[11, 321, 279, 2790]
draft=[278, 8703, 11870, 303]
draft=[278, 8703, 11870, 303]
draft=[567, 708, 13, 271]
draft=[567, 708, 13, 271]
draft=[9237, 73182, 198, 12]
draft=[9237, 73182, 198, 12]
draft=[73182, 594, 6765, 55010]
draft=[73182, 594, 6765, 55010]
draft=[75512, 364, 62068, 3605]
draft=[75512, 364, 62068, 3605]
draft=[16, 13, 2972, 51407]
draft=[16, 13, 2972, 51407]
draft=[92217, 1165, 958, 2972]
draft=[92217, 1165, 958, 2972]
draft=[2285, 6767, 2803, 92217]
draft=[2285, 6767, 2803, 92217]
draft=[6983, 16531, 11121, 264]
draft=[6983, 16531, 11121, 264]
draft=[4069, 289, 11, 34872]
draft=[4069, 289, 11, 34872]
draft=[8, 11121, 264, 491]
draft=[8, 11121, 264, 491]
draft=[7552, 14, 20960, 4370]
draft=[7552, 14, 20960, 4370]
draft=[5978, 13, 3095, 264]
draft=[5978, 13, 3095, 264]
draft=[279, 1752, 13, 1061]
draft=[279, 1752, 13, 1061]
draft=[279, 3578, 310, 279]
draft=[279, 3578, 310, 279]
draft=[2357, 13, 1061, 369]
draft=[2357, 13, 1061, 369]
draft=[7552, 6922, 33702, 318]
draft=[7552, 6922, 33702, 318]
draft=[5904, 3808, 7552, 11]
draft=[5904, 3808, 7552, 11]
draft=[13, 1061, 24546, 1396]
draft=[13, 1061, 24546, 1396]
draft=[496, 7, 16, 8]
draft=[496, 7, 16, 8]
draft=[307, 8, 2521, 314]
draft=[307, 8, 2521, 314]
draft=[321, 3433, 22373, 364]
draft=[321, 3433, 22373, 364]
draft=[2560]
draft=[2560]
